0.0976779
0.04913652
0.08279628
0.4296351
0.9367657
0.3941147
0.06980563
0.2685396
0.04094915
0.05710836
0.08208914
0.2772408
0.9367657
0.2329955
0.6409233
0.6409233
0.2772408
0.9367657
0.3941147
0.4617819
0.5337602
0.08208914
0.02430098
0.02430098
0.2329955
0.08279628
0.04094915
0.5337602
0.06980563
0.1645609
0.1645609
0.2112693
0.08208914
1.025715
0.2772408
0.04094915
0.9364856
0.5337602
0.1165198
0.02537671
1.025715
1.025715
0.1958108
0.06980563
0.04548318
0.2772408
0.0976779
0.06980563
0.1162268
0.1644141
0.2112693
0.4617819
0.4296351
0.02537671
0.1165198
0.02537671
0.2772408
0.1958108
0.1644141
0.6409233
0.1645609
0.1645609
0.9367657
0.2112693
0.09767781
1.025715
0.04913652
0.1645609
0.2112693
0.1162268
0.2685396
0.1645609
0.02430098
0.1958108
0.04094915
0.1165198
0.4296351
0.1165198
0.04094915
0.9367657
0.1165198
0.3941147
0.06980563
0.02430098
0.3941147
0.1958108
0.04094915
0.9367657
0.04548318
0.08279628
0.3941147
0.2772408
0.1958108
0.02430098
0.6409233
0.04548318
0.04913652
0.1958108
0.04094915
0.1644141
