0.5337602
0.2772408
0.2685396
0.06980563
0.02537671
0.1958108
0.1645609
0.05710836
0.05879239
0.2329955
0.05710836
0.2112693
0.1162268
0.3941147
0.2772408
0.2772408
0.2112693
0.2772408
0.2112693
0.2685396
0.1958108
0.05710836
0.1644141
0.9367657
0.05879239
0.1644141
0.6409233
0.2685396
0.1165198
0.04548318
0.1162284
0.2772408
0.1162284
0.1162268
0.1165198
0.04913652
0.1958108
0.04094915
0.04094915
0.2685396
0.2329955
0.9367657
0.08208914
0.9367657
0.08279628
0.2772408
0.1162284
0.1644141
0.05879239
0.05710836
0.5337602
1.025715
0.1162268
0.1645609
0.02537671
0.6409233
0.04094915
0.2329955
0.09767781
0.02537671
0.02430098
0.1162284
0.02430098
0.1165198
0.5337602
0.9367657
0.1958108
0.2329955
0.06980563
0.04913652
0.9367657
0.02537671
0.04913652
0.08279628
0.9367657
0.3941147
0.2685396
0.4617819
0.4617819
0.08279628
1.025715
0.1165198
0.06980563
0.2112693
0.1165198
0.05710836
0.5337602
0.04548318
0.04094915
0.04094915
0.04913652
0.1165198
0.2772408
0.05879239
0.2329955
0.1165198
0.05879239
0.08208914
0.02430098
0.04913652
