0.06980563
0.08279628
0.06980563
0.04094915
0.1958108
0.08279628
0.9367657
0.05710836
0.1162284
0.1162268
0.2329955
0.05879239
0.05710836
0.05879239
0.04094915
0.6409233
0.1162268
0.02430098
0.02537671
0.1958108
0.04094915
0.04094915
0.9364856
0.02537671
0.04094915
0.04913652
0.0976779
0.1162268
0.2329955
0.6409233
0.02537671
0.04548318
0.1958108
0.05710836
1.025715
0.3941147
0.1644141
0.1162284
0.1958108
0.0976779
0.1162284
0.08208914
0.1162268
0.9367657
0.08279628
0.1162284
0.06980563
0.1165198
0.1162284
0.2329955
0.2685396
0.2329955
1.025715
0.1645609
0.08279628
0.02537671
0.9364856
0.1958108
1.025715
0.5337602
0.02430098
0.4296351
0.1644141
0.04913652
0.08208914
0.04913652
0.08208914
0.1644141
0.1644141
0.04548318
0.9367657
0.1645609
0.1165198
0.1162268
0.1958108
0.1165198
0.0976779
0.0976779
0.1162284
0.9364856
0.08208914
0.4617819
0.2685396
0.09767781
0.04548318
0.4296351
0.1958108
0.05879239
0.1165198
0.1958108
0.1644141
0.1162268
0.04094915
0.1165198
0.04094915
0.9367657
0.04548318
0.2112693
0.4296351
0.09767781
