0.1162284
0.08279628
0.1162268
0.04094915
0.1165198
0.3941147
0.02537671
1.025715
0.05710836
0.1644141
0.2772408
0.6409233
0.1958108
0.2772408
0.2685396
0.05879239
0.4296351
0.2772408
0.04094915
0.02537671
0.05710836
0.04548318
0.04094915
0.1162284
0.04094915
0.2112693
0.05879239
0.1958108
0.04548318
0.1162268
0.9364856
0.1644141
0.2685396
0.1958108
0.2685396
0.05710836
0.1644141
0.04094915
0.02430098
0.9367657
0.02430098
0.1644141
0.2329955
0.6409233
0.1165198
0.1958108
0.1958108
0.02430098
0.1644141
0.0976779
0.02537671
0.02537671
0.1958108
1.025715
0.2329955
0.1165198
0.1162284
0.1645609
0.08208914
0.2772408
0.04094915
0.0976779
0.1645609
0.04913652
0.04548318
0.1644141
0.3941147
0.2112693
0.02430098
0.09767781
0.09767781
0.5337602
0.09767781
0.05710836
0.1162284
0.9367657
0.05710836
0.2112693
0.08208914
0.05879239
0.4617819
0.04548318
0.4617819
0.1958108
0.02430098
0.04094915
1.025715
0.1958108
0.1162268
0.08279628
0.1958108
0.04913652
0.02537671
0.1644141
0.3941147
0.05879239
0.2329955
0.1644141
0.2685396
1.025715
