0.1958108
0.04913652
0.1165198
1.025715
0.2685396
0.08279628
0.2112693
0.4296351
0.1645609
0.06980563
0.1958108
0.9367657
0.1958108
0.04094915
0.1958108
0.5337602
0.04094915
0.1958108
0.5337602
0.9367657
0.6409233
0.04094915
0.1165198
0.1162284
0.08279628
0.06980563
0.4296351
0.02430098
0.1162284
0.4296351
0.1165198
0.6409233
0.6409233
0.1645609
0.6409233
0.06980563
0.02430098
0.9367657
0.06980563
0.02430098
0.06980563
0.05710836
0.1165198
0.0976779
0.02537671
0.1958108
0.04094915
0.2329955
0.1162268
0.02537671
0.1162268
0.1958108
0.2685396
0.5337602
0.2772408
0.1958108
0.09767781
0.1644141
0.02430098
0.06980563
0.04094915
0.9367657
0.02537671
0.08279628
0.04094915
1.025715
0.4617819
0.2112693
0.2329955
0.9367657
0.1645609
0.9367657
0.1645609
1.025715
0.9367657
0.1165198
0.1165198
0.3941147
0.04913652
0.9367657
1.025715
0.6409233
0.4617819
0.9367657
0.08279628
0.5337602
0.3941147
0.05879239
0.05710836
0.05710836
0.2772408
0.1165198
0.09767781
0.04094915
0.9367657
0.4296351
0.04548318
0.4296351
1.025715
0.04094915
