0.05710836
0.2685396
0.08279628
0.05879239
0.05879239
0.04094915
0.4617819
0.1645609
0.2685396
0.1165198
0.0976779
0.02430098
1.025715
0.9364856
1.025715
1.025715
0.04094915
0.1958108
0.2112693
0.2685396
0.05879239
0.04548318
0.08279628
0.5337602
0.04913652
0.4296351
0.09767781
0.9367657
1.025715
0.02430098
0.05710836
0.1958108
0.1162284
0.08208914
0.04094915
0.1162284
0.04548318
0.2112693
0.06980563
0.1958108
0.05710836
0.9367657
0.1644141
0.04094915
0.2772408
0.6409233
0.04548318
0.02537671
1.025715
0.1958108
1.025715
0.1165198
0.02537671
0.2772408
0.2329955
0.1162268
0.04913652
0.08279628
0.04548318
1.025715
0.08208914
0.5337602
0.2772408
0.2112693
0.2329955
0.1958108
0.2112693
0.1645609
0.04094915
0.02430098
0.3941147
0.6409233
0.5337602
0.1644141
0.1162268
0.2685396
0.2685396
0.2112693
0.1162284
0.05879239
0.1645609
0.3941147
0.5337602
0.09767781
0.2112693
0.2329955
0.6409233
0.04094915
0.06980563
0.04548318
0.0976779
0.1165198
0.4617819
0.6409233
0.0976779
0.1162268
0.2112693
0.04548318
0.04094915
0.6409233
