$root_state
[1] "15"

$progenitor_states
 [1] "1"  "2"  "3"  "4"  "5"  "6"  "7"  "8"  "9"  "10" "11" "12" "13" "14" "15"

$terminal_states
 [1] "-1"  "-2"  "-3"  "-4"  "-5"  "-6"  "-7"  "-8"  "-9"  "-10" "-11" "-12" "-13" "-14" "-15" "-16"

$merge
   [,1] [,2]
1    -9  -10
2   -11  -12
3   -13  -14
4   -15  -16
5    -1   -2
6    -3   -4
7    -5   -6
8    -7   -8
9     1    2
10    3    4
11    5    6
12    7    8
13   11   12
14    9   10
15   13   14

$commitment_time
       1        2        3        4        5        6        7        8        9       10       11       12       13       14       15 
8.587531 9.533429 7.033062 8.052381 9.020712 8.151770 6.490055 7.331706 5.722851 4.531586 5.009256 4.731323 3.728779 3.392411 2.313315 

$commitment_bias
        [,1]      [,2]
15 0.6054170 0.3945830
13 0.5594241 0.4405759
11 0.4695299 0.5304701
5  0.7674218 0.2325782
6  0.8308549 0.1691451
12 0.7615080 0.2384920
7  0.4449810 0.5550190
8  0.6098751 0.3901249
14 0.3206575 0.6793425
9  0.2848617 0.7151383
1  0.3274975 0.6725025
2  0.5528687 0.4471313
10 0.5254507 0.4745493
3  0.3556226 0.6443774
4  0.7477985 0.2522015

$`doubling time`
   1    2    3    4    5    6    7    8    9   10   11   12   13   14   15   -1   -2   -3   -4   -5   -6   -7   -8   -9  -10  -11  -12  -13  -14  -15  -16 
0.35 0.35 0.35 0.35 0.35 0.35 0.35 0.35 0.35 0.35 0.35 0.35 0.35 0.35 0.45 0.35 0.35 0.35 0.35 0.35 0.35 0.35 0.35 0.35 0.35 0.35 0.35 0.35 0.35 0.35 0.35 

$founder_size
[1] 1

$target_time
[1] 15

$commitment_side
   [,1] [,2] 
1  "1"  "-9" 
2  "2"  "-11"
3  "3"  "-13"
4  "4"  "-15"
5  "5"  "-1" 
6  "6"  "-3" 
7  "7"  "-5" 
8  "8"  "-7" 
9  "9"  "1"  
10 "10" "3"  
11 "11" "5"  
12 "12" "7"  
13 "13" "11" 
14 "14" "9"  
15 "15" "13" 

$edges
   in_node out_node length
1        1       -9   7.05
2        1      -10   7.05
3        2      -11   6.00
4        2      -12   6.00
5        3      -13   8.45
6        3      -14   8.45
7        4      -15   7.40
8        4      -16   7.40
9        5       -1   6.35
10       5       -2   6.35
11       6       -3   7.40
12       6       -4   7.40
13       7       -5   9.15
14       7       -6   9.15
15       8       -7   8.10
16       8       -8   8.10
17       9        1   2.80
18       9        2   3.85
19      10        3   2.45
20      10        4   3.50
21      11        5   4.20
22      11        6   3.15
23      12        7   1.75
24      12        8   2.80
25      13       11   1.40
26      13       12   1.05
27      14        9   2.45
28      14       10   1.40
29      15       13   1.25
30      15       14   0.90

$root_state_time
[1] 1.8

