$root_state
[1] "15"

$progenitor_states
 [1] "1"  "2"  "3"  "4"  "5"  "6"  "7"  "8"  "9"  "10" "11" "12" "13" "14" "15"

$terminal_states
 [1] "-1"  "-2"  "-3"  "-4"  "-5"  "-6"  "-7"  "-8"  "-9"  "-10" "-11" "-12" "-13" "-14" "-15" "-16"

$merge
   [,1] [,2]
1    -9  -10
2   -11  -12
3   -13  -14
4   -15  -16
5    -1   -2
6    -4   -5
7    -6   -7
8     1    2
9     3    4
10   -3    6
11    7   -8
12    5   10
13    8    9
14   12   11
15   14   13

$commitment_time
       1        2        3        4        5        6        7        8        9       10       11       12       13       14       15 
7.848818 9.016686 9.355006 8.384011 5.931471 9.124246 4.826881 6.935473 6.214425 6.654282 3.957915 3.581891 5.163042 3.020215 2.313250 

$commitment_bias
        [,1]      [,2]
15 0.6923823 0.3076177
14 0.3302909 0.6697091
12 0.7367766 0.2632234
5  0.3447003 0.6552997
10 0.8258766 0.1741234
6  0.8476654 0.1523346
11 0.6250373 0.3749627
7  0.5576481 0.4423519
13 0.3879964 0.6120036
8  0.3693543 0.6306457
1  0.5788832 0.4211168
2  0.2687900 0.7312100
9  0.6580063 0.3419937
3  0.4509583 0.5490417
4  0.4697255 0.5302745

$`doubling time`
   1    2    3    4    5    6    7    8    9   10   11   12   13   14   15   -1   -2   -3   -4   -5   -6   -7   -8   -9  -10  -11  -12  -13  -14  -15  -16 
0.35 0.35 0.35 0.35 0.35 0.35 0.35 0.35 0.35 0.35 0.35 0.35 0.35 0.35 0.45 0.35 0.35 0.35 0.35 0.35 0.35 0.35 0.35 0.35 0.35 0.35 0.35 0.35 0.35 0.35 0.35 

$founder_size
[1] 1

$target_time
[1] 15

$commitment_side
   [,1] [,2] 
1  "1"  "-9" 
2  "2"  "-11"
3  "3"  "-13"
4  "4"  "-15"
5  "5"  "-1" 
6  "6"  "-4" 
7  "7"  "-6" 
8  "8"  "1"  
9  "9"  "3"  
10 "10" "-3" 
11 "11" "7"  
12 "12" "5"  
13 "13" "8"  
14 "14" "12" 
15 "15" "14" 

$edges
   in_node out_node length
1        1       -9   7.75
2        1      -10   7.75
3        2      -11   6.35
4        2      -12   6.35
5        3      -13   6.00
6        3      -14   6.00
7        4      -15   7.05
8        4      -16   7.05
9        5       -1   9.50
10       5       -2   9.50
11       6       -4   6.35
12       6       -5   6.35
13       7       -6  10.55
14       7       -7  10.55
15       8        1   0.70
16       8        2   2.10
17       9        3   3.15
18       9        4   2.10
19      10       -3   8.80
20      10        6   2.45
21      11        7   1.05
22      11       -8  11.60
23      12        5   2.45
24      12       10   3.15
25      13        8   1.75
26      13        9   1.05
27      14       12   0.80
28      14       11   1.15
29      15       14   0.45
30      15       13   3.00

$root_state_time
[1] 1.8

