$root_state
[1] "15"

$progenitor_states
 [1] "1"  "2"  "3"  "4"  "5"  "6"  "7"  "8"  "9"  "10" "11" "12" "13" "14" "15"

$terminal_states
 [1] "-1"  "-2"  "-3"  "-4"  "-5"  "-6"  "-7"  "-8"  "-9"  "-10" "-11" "-12" "-13" "-14" "-15" "-16"

$merge
   [,1] [,2]
1    -9  -10
2   -12  -13
3   -14  -15
4    -1   -2
5    -4   -5
6    -7   -8
7   -11    2
8     3  -16
9    -3    5
10   -6    6
11    1    7
12    4    9
13   12   10
14   11    8
15   13   14

$commitment_time
       1        2        3        4        5        6        7        8        9       10       11       12       13       14       15 
7.473882 7.841657 8.210255 9.321012 8.443309 8.936095 5.969272 4.304122 6.766493 5.223554 4.103718 4.611013 3.039665 3.155695 2.456260 

$commitment_bias
        [,1]      [,2]
15 0.5542298 0.4457702
13 0.4330718 0.5669282
12 0.7375596 0.2624404
4  0.5847318 0.4152682
9  0.3483815 0.6516185
5  0.4034953 0.5965047
10 0.4368118 0.5631882
6  0.3504506 0.6495494
14 0.5902672 0.4097328
11 0.6483004 0.3516996
1  0.7045969 0.2954031
7  0.3447555 0.6552445
2  0.6040649 0.3959351
8  0.5683182 0.4316818
3  0.5178504 0.4821496

$`doubling time`
   1    2    3    4    5    6    7    8    9   10   11   12   13   14   15   -1   -2   -3   -4   -5   -6   -7   -8   -9  -10  -11  -12  -13  -14  -15  -16 
0.35 0.35 0.35 0.35 0.35 0.35 0.35 0.35 0.35 0.35 0.35 0.35 0.35 0.35 0.45 0.35 0.35 0.35 0.35 0.35 0.35 0.35 0.35 0.35 0.35 0.35 0.35 0.35 0.35 0.35 0.35 

$founder_size
[1] 1

$target_time
[1] 15

$commitment_side
   [,1] [,2] 
1  "1"  "-9" 
2  "2"  "-12"
3  "3"  "-14"
4  "4"  "-1" 
5  "5"  "-4" 
6  "6"  "-7" 
7  "7"  "-11"
8  "8"  "3"  
9  "9"  "-3" 
10 "10" "-6" 
11 "11" "1"  
12 "12" "4"  
13 "13" "12" 
14 "14" "11" 
15 "15" "13" 

$edges
   in_node out_node length
1        1       -9   8.10
2        1      -10   8.10
3        2      -12   7.75
4        2      -13   7.75
5        3      -14   7.40
6        3      -15   7.40
7        4       -1   6.35
8        4       -2   6.35
9        5       -4   7.05
10       5       -5   7.05
11       6       -7   6.70
12       6       -8   6.70
13       7      -11   9.50
14       7        2   1.75
15       8        3   3.85
16       8      -16  11.25
17       9       -3   8.80
18       9        5   1.75
19      10       -6  10.20
20      10        6   3.50
21      11        1   3.15
22      11        7   1.75
23      12        4   4.55
24      12        9   2.10
25      13       12   1.85
26      13       10   2.55
27      14       11   1.05
28      14        8   1.05
29      15       13   0.45
30      15       14   0.90

$root_state_time
[1] 1.8

