$root_state
[1] "15"

$progenitor_states
 [1] "1"  "2"  "3"  "4"  "5"  "6"  "7"  "8"  "9"  "10" "11" "12" "13" "14" "15"

$terminal_states
 [1] "-1"  "-2"  "-3"  "-4"  "-5"  "-6"  "-7"  "-8"  "-9"  "-10" "-11" "-12" "-13" "-14" "-15" "-16"

$merge
   [,1] [,2]
1    -7   -8
2   -10  -11
3   -12  -13
4   -15  -16
5    -1   -2
6    -3   -4
7    -5   -6
8     2    3
9   -14    4
10    6    7
11    1   -9
12    5   10
13   11    8
14   13    9
15   12   14

$commitment_time
       1        2        3        4        5        6        7        8        9       10       11       12       13       14       15 
8.008396 9.431694 6.609654 6.717865 7.730011 8.616234 8.944815 4.395031 5.354875 7.123167 6.239376 4.848296 3.697310 2.965827 2.102564 

$commitment_bias
        [,1]      [,2]
15 0.5803998 0.4196002
12 0.2696417 0.7303583
5  0.4363044 0.5636956
10 0.4031834 0.5968166
6  0.7791653 0.2208347
7  0.3891235 0.6108765
14 0.5040752 0.4959248
13 0.4315826 0.5684174
11 0.3408065 0.6591935
1  0.5524266 0.4475734
8  0.6028754 0.3971246
2  0.5660435 0.4339565
3  0.4001444 0.5998556
9  0.2733431 0.7266569
4  0.7416361 0.2583639

$`doubling time`
   1    2    3    4    5    6    7    8    9   10   11   12   13   14   15   -1   -2   -3   -4   -5   -6   -7   -8   -9  -10  -11  -12  -13  -14  -15  -16 
0.35 0.35 0.35 0.35 0.35 0.35 0.35 0.35 0.35 0.35 0.35 0.35 0.35 0.35 0.45 0.35 0.35 0.35 0.35 0.35 0.35 0.35 0.35 0.35 0.35 0.35 0.35 0.35 0.35 0.35 0.35 

$founder_size
[1] 1

$target_time
[1] 15

$commitment_side
   [,1] [,2] 
1  "1"  "-7" 
2  "2"  "-10"
3  "3"  "-12"
4  "4"  "-15"
5  "5"  "-1" 
6  "6"  "-3" 
7  "7"  "-5" 
8  "8"  "2"  
9  "9"  "-14"
10 "10" "6"  
11 "11" "1"  
12 "12" "5"  
13 "13" "11" 
14 "14" "13" 
15 "15" "12" 

$edges
   in_node out_node length
1        1       -7   7.50
2        1       -8   7.50
3        2      -10   6.10
4        2      -11   6.10
5        3      -12   8.90
6        3      -13   8.90
7        4      -15   8.90
8        4      -16   8.90
9        5       -1   7.85
10       5       -2   7.85
11       6       -3   6.80
12       6       -4   6.80
13       7       -5   6.45
14       7       -6   6.45
15       8        2   4.90
16       8        3   2.10
17       9      -14  10.30
18       9        4   1.40
19      10        6   1.75
20      10        7   2.10
21      11        1   1.75
22      11       -9   9.25
23      12        5   2.80
24      12       10   2.10
25      13       11   2.45
26      13        8   0.70
27      14       13   0.70
28      14        9   2.10
29      15       12   3.00
30      15       14   1.25

$root_state_time
[1] 1.35

