$root_state
[1] "15"

$progenitor_states
 [1] "1"  "2"  "3"  "4"  "5"  "6"  "7"  "8"  "9"  "10" "11" "12" "13" "14" "15"

$terminal_states
 [1] "-1"  "-2"  "-3"  "-4"  "-5"  "-6"  "-7"  "-8"  "-9"  "-10" "-11" "-12" "-13" "-14" "-15" "-16"

$merge
   [,1] [,2]
1    -8   -9
2   -10  -11
3   -12  -13
4   -15  -16
5    -2   -3
6    -5   -6
7     1    2
8   -14    4
9    -1    5
10   -4    6
11    9   10
12   -7    7
13   12    3
14   11   13
15   14    8

$commitment_time
       1        2        3        4        5        6        7        8        9       10       11       12       13       14       15 
9.327373 6.895445 7.963351 9.035608 8.116900 8.754179 5.917324 4.280199 7.538782 4.643727 3.625994 5.211220 3.377788 2.602391 1.926561 

$commitment_bias
        [,1]      [,2]
15 0.8480077 0.1519923
14 0.4912331 0.5087669
11 0.4652300 0.5347700
9  0.4459996 0.5540004
5  0.3895948 0.6104052
10 0.3139378 0.6860622
6  0.6235397 0.3764603
13 0.6725614 0.3274386
12 0.5192607 0.4807393
7  0.5966034 0.4033966
1  0.4475264 0.5524736
2  0.3542222 0.6457778
3  0.3913968 0.6086032
8  0.5124002 0.4875998
4  0.3673523 0.6326477

$`doubling time`
   1    2    3    4    5    6    7    8    9   10   11   12   13   14   15   -1   -2   -3   -4   -5   -6   -7   -8   -9  -10  -11  -12  -13  -14  -15  -16 
0.35 0.35 0.35 0.35 0.35 0.35 0.35 0.35 0.35 0.35 0.35 0.35 0.35 0.35 0.45 0.35 0.35 0.35 0.35 0.35 0.35 0.35 0.35 0.35 0.35 0.35 0.35 0.35 0.35 0.35 0.35 

$founder_size
[1] 1

$target_time
[1] 15

$commitment_side
   [,1] [,2] 
1  "1"  "-8" 
2  "2"  "-10"
3  "3"  "-12"
4  "4"  "-15"
5  "5"  "-2" 
6  "6"  "-5" 
7  "7"  "1"  
8  "8"  "-14"
9  "9"  "-1" 
10 "10" "-4" 
11 "11" "9"  
12 "12" "-7" 
13 "13" "12" 
14 "14" "11" 
15 "15" "14" 

$edges
   in_node out_node length
1        1       -8   6.10
2        1       -9   6.10
3        2      -10   8.55
4        2      -11   8.55
5        3      -12   7.50
6        3      -13   7.50
7        4      -15   6.45
8        4      -16   6.45
9        5       -2   7.50
10       5       -3   7.50
11       6       -5   6.80
12       6       -6   6.80
13       7        1   3.50
14       7        2   1.05
15       8      -14  11.35
16       8        4   4.90
17       9       -1   7.85
18       9        5   0.35
19      10       -4  11.00
20      10        6   4.20
21      11        9   4.20
22      11       10   1.05
23      12       -7  10.30
24      12        7   0.70
25      13       12   1.75
26      13        3   4.55
27      14       11   0.70
28      14       13   0.70
29      15       14   0.90
30      15        8   2.30

$root_state_time
[1] 1.35

