$root_state
[1] "15"

$progenitor_states
 [1] "1"  "2"  "3"  "4"  "5"  "6"  "7"  "8"  "9"  "10" "11" "12" "13" "14" "15"

$terminal_states
 [1] "-1"  "-2"  "-3"  "-4"  "-5"  "-6"  "-7"  "-8"  "-9"  "-10" "-11" "-12" "-13" "-14" "-15" "-16"

$merge
   [,1] [,2]
1    -9  -10
2   -11  -12
3   -13  -14
4    -1   -2
5    -3   -4
6    -6   -7
7     3  -15
8    -5    6
9     7  -16
10    8   -8
11    2    9
12    5   10
13   12    1
14    4   13
15   14   11

$commitment_time
       1        2        3        4        5        6        7        8        9       10       11       12       13       14       15 
8.799042 7.659901 9.593761 8.059842 8.357252 7.435755 9.024935 6.829689 5.448071 5.880089 2.701902 4.480686 3.801781 2.943658 2.056641 

$commitment_bias
        [,1]      [,2]
15 0.7458760 0.2541240
14 0.7676824 0.2323176
4  0.5165043 0.4834957
13 0.5230289 0.4769711
12 0.6537352 0.3462648
5  0.4267462 0.5732538
10 0.6175229 0.3824771
8  0.5231915 0.4768085
6  0.3918562 0.6081438
1  0.3787543 0.6212457
11 0.3913006 0.6086994
2  0.4716690 0.5283310
9  0.5692569 0.4307431
7  0.5338134 0.4661866
3  0.4993741 0.5006259

$`doubling time`
   1    2    3    4    5    6    7    8    9   10   11   12   13   14   15   -1   -2   -3   -4   -5   -6   -7   -8   -9  -10  -11  -12  -13  -14  -15  -16 
0.35 0.35 0.35 0.35 0.35 0.35 0.35 0.35 0.35 0.35 0.35 0.35 0.35 0.35 0.45 0.35 0.35 0.35 0.35 0.35 0.35 0.35 0.35 0.35 0.35 0.35 0.35 0.35 0.35 0.35 0.35 

$founder_size
[1] 1

$target_time
[1] 15

$commitment_side
   [,1] [,2] 
1  "1"  "-9" 
2  "2"  "-11"
3  "3"  "-13"
4  "4"  "-1" 
5  "5"  "-3" 
6  "6"  "-6" 
7  "7"  "3"  
8  "8"  "-5" 
9  "9"  "7"  
10 "10" "8"  
11 "11" "2"  
12 "12" "5"  
13 "13" "12" 
14 "14" "4"  
15 "15" "14" 

$edges
   in_node out_node length
1        1       -9   6.80
2        1      -10   6.80
3        2      -11   7.85
4        2      -12   7.85
5        3      -13   6.10
6        3      -14   6.10
7        4       -1   7.50
8        4       -2   7.50
9        5       -3   7.15
10       5       -4   7.15
11       6       -6   8.20
12       6       -7   8.20
13       7        3   0.35
14       7      -15   6.45
15       8       -5   8.55
16       8        6   0.35
17       9        7   3.50
18       9      -16   9.95
19      10        8   1.05
20      10       -8   9.60
21      11        2   4.90
22      11        9   2.80
23      12        5   3.85
24      12       10   1.40
25      13       12   0.70
26      13        1   4.90
27      14        4   5.25
28      14       13   1.05
29      15       14   0.90
30      15       11   0.90

$root_state_time
[1] 1.35

