$root_state
[1] "15"

$progenitor_states
 [1] "1"  "2"  "3"  "4"  "5"  "6"  "7"  "8"  "9"  "10" "11" "12" "13" "14" "15"

$terminal_states
 [1] "-1"  "-2"  "-3"  "-4"  "-5"  "-6"  "-7"  "-8"  "-9"  "-10" "-11" "-12" "-13" "-14" "-15" "-16"

$merge
   [,1] [,2]
1    -9  -10
2   -11  -12
3   -14  -15
4    -1   -2
5    -3   -4
6    -5   -6
7     2  -13
8     3  -16
9     6   -7
10   -8    1
11    7    8
12    9   10
13   12   11
14    5   13
15    4   14

$commitment_time
       1        2        3        4        5        6        7        8        9       10       11       12       13       14       15 
9.226956 9.660573 8.513863 2.903571 5.066218 8.891038 7.914578 6.914226 7.239939 6.317221 4.660647 5.491412 4.158861 3.443482 2.178617 

$commitment_bias
        [,1]      [,2]
15 0.6267439 0.3732561
4  0.5375693 0.4624307
14 0.3061915 0.6938085
5  0.5977067 0.4022933
13 0.4387520 0.5612480
12 0.3814986 0.6185014
9  0.6396671 0.3603329
6  0.6132167 0.3867833
10 0.4699911 0.5300089
1  0.2718932 0.7281068
11 0.3714121 0.6285879
7  0.4839095 0.5160905
2  0.3763031 0.6236969
8  0.6591004 0.3408996
3  0.6612126 0.3387874

$`doubling time`
   1    2    3    4    5    6    7    8    9   10   11   12   13   14   15   -1   -2   -3   -4   -5   -6   -7   -8   -9  -10  -11  -12  -13  -14  -15  -16 
0.35 0.35 0.35 0.35 0.35 0.35 0.35 0.35 0.35 0.35 0.35 0.35 0.35 0.35 0.45 0.35 0.35 0.35 0.35 0.35 0.35 0.35 0.35 0.35 0.35 0.35 0.35 0.35 0.35 0.35 0.35 

$founder_size
[1] 1

$target_time
[1] 15

$commitment_side
   [,1] [,2] 
1  "1"  "-9" 
2  "2"  "-11"
3  "3"  "-14"
4  "4"  "-1" 
5  "5"  "-3" 
6  "6"  "-5" 
7  "7"  "2"  
8  "8"  "3"  
9  "9"  "6"  
10 "10" "-8" 
11 "11" "7"  
12 "12" "9"  
13 "13" "12" 
14 "14" "5"  
15 "15" "4"  

$edges
   in_node out_node length
1        1       -9   6.45
2        1      -10   6.45
3        2      -11   5.75
4        2      -12   5.75
5        3      -14   7.15
6        3      -15   7.15
7        4       -1  12.75
8        4       -2  12.75
9        5       -3  10.30
10       5       -4  10.30
11       6       -5   6.80
12       6       -6   6.80
13       7        2   1.75
14       7      -13   7.50
15       8        3   1.40
16       8      -16   8.55
17       9        6   1.40
18       9       -7   8.20
19      10       -8   9.25
20      10        1   2.80
21      11        7   3.50
22      11        8   2.45
23      12        9   1.75
24      12       10   0.70
25      13       12   1.40
26      13       11   0.35
27      14        5   1.75
28      14       13   0.70
29      15        4   0.90
30      15       14   1.60

$root_state_time
[1] 1.35

