$root_state
[1] "15"

$progenitor_states
 [1] "1"  "2"  "3"  "4"  "5"  "6"  "7"  "8"  "9"  "10" "11" "12" "13" "14" "15"

$terminal_states
 [1] "-1"  "-2"  "-3"  "-4"  "-5"  "-6"  "-7"  "-8"  "-9"  "-10" "-11" "-12" "-13" "-14" "-15" "-16"

$merge
   [,1] [,2]
1    -8   -9
2   -10  -11
3   -14  -15
4    -1   -2
5    -3   -4
6    -5   -6
7    -7    1
8   -13    3
9     5    6
10    8  -16
11    9    7
12    4   11
13   12    2
14   13  -12
15   14   10

$commitment_time
       1        2        3        4        5        6        7        8        9       10       11       12       13       14       15 
7.172679 5.742265 7.381035 8.705180 8.355382 9.245569 6.116576 6.468952 7.730018 5.032683 5.268959 4.120714 3.491401 2.757307 2.105706 

$commitment_bias
        [,1]      [,2]
15 0.4830587 0.5169413
14 0.3331602 0.6668398
13 0.2185220 0.7814780
12 0.5970078 0.4029922
4  0.8237294 0.1762706
11 0.7029029 0.2970971
9  0.6959009 0.3040991
5  0.4598979 0.5401021
6  0.6397858 0.3602142
7  0.5043952 0.4956048
1  0.6112144 0.3887856
2  0.4829662 0.5170338
10 0.5022328 0.4977672
8  0.4257617 0.5742383
3  0.6430801 0.3569199

$`doubling time`
   1    2    3    4    5    6    7    8    9   10   11   12   13   14   15   -1   -2   -3   -4   -5   -6   -7   -8   -9  -10  -11  -12  -13  -14  -15  -16 
0.35 0.35 0.35 0.35 0.35 0.35 0.35 0.35 0.35 0.35 0.35 0.35 0.35 0.35 0.45 0.35 0.35 0.35 0.35 0.35 0.35 0.35 0.35 0.35 0.35 0.35 0.35 0.35 0.35 0.35 0.35 

$founder_size
[1] 1

$target_time
[1] 15

$commitment_side
   [,1] [,2] 
1  "1"  "-8" 
2  "2"  "-10"
3  "3"  "-14"
4  "4"  "-1" 
5  "5"  "-3" 
6  "6"  "-5" 
7  "7"  "-7" 
8  "8"  "-13"
9  "9"  "5"  
10 "10" "8"  
11 "11" "9"  
12 "12" "4"  
13 "13" "12" 
14 "14" "13" 
15 "15" "14" 

$edges
   in_node out_node length
1        1       -8   8.20
2        1       -9   8.20
3        2      -10   9.95
4        2      -11   9.95
5        3      -14   8.20
6        3      -15   8.20
7        4       -1   6.80
8        4       -2   6.80
9        5       -3   7.15
10       5       -4   7.15
11       6       -5   6.45
12       6       -6   6.45
13       7       -7   9.25
14       7        1   1.05
15       8      -13   8.90
16       8        3   0.70
17       9        5   0.70
18       9        6   1.40
19      10        8   1.75
20      10      -16  10.65
21      11        9   2.45
22      11        7   1.05
23      12        4   4.55
24      12       11   1.05
25      13       12   0.70
26      13        2   2.10
27      14       13   0.70
28      14      -12  12.75
29      15       14   0.90
30      15       10   3.00

$root_state_time
[1] 1.35

