$root_state
[1] "15"

$progenitor_states
 [1] "1"  "2"  "3"  "4"  "5"  "6"  "7"  "8"  "9"  "10" "11" "12" "13" "14" "15"

$terminal_states
 [1] "-1"  "-2"  "-3"  "-4"  "-5"  "-6"  "-7"  "-8"  "-9"  "-10" "-11" "-12" "-13" "-14" "-15" "-16"

$merge
   [,1] [,2]
1   -10  -11
2   -13  -14
3    -1   -2
4    -3   -4
5    -5   -6
6    -7   -8
7    -9    1
8     3    4
9     7  -12
10    9    2
11   10  -15
12   11  -16
13    6   12
14    5   13
15    8   14

$commitment_time
       1        2        3        4        5        6        7        8        9       10       11       12       13       14       15 
8.634513 8.232799 8.922961 8.783986 9.180790 7.957239 7.371786 4.587271 6.727907 6.113304 5.320613 4.280989 3.391749 2.849024 2.149937 

$commitment_bias
        [,1]      [,2]
15 0.5310872 0.4689128
8  0.6468406 0.3531594
3  0.3303683 0.6696317
4  0.2476023 0.7523977
14 0.5967418 0.4032582
5  0.7784739 0.2215261
13 0.4466581 0.5533419
6  0.8420230 0.1579770
12 0.5632122 0.4367878
11 0.5816148 0.4183852
10 0.4539009 0.5460991
9  0.3538395 0.6461605
7  0.6197009 0.3802991
1  0.2521652 0.7478348
2  0.2358233 0.7641767

$`doubling time`
   1    2    3    4    5    6    7    8    9   10   11   12   13   14   15   -1   -2   -3   -4   -5   -6   -7   -8   -9  -10  -11  -12  -13  -14  -15  -16 
0.35 0.35 0.35 0.35 0.35 0.35 0.35 0.35 0.35 0.35 0.35 0.35 0.35 0.35 0.45 0.35 0.35 0.35 0.35 0.35 0.35 0.35 0.35 0.35 0.35 0.35 0.35 0.35 0.35 0.35 0.35 

$founder_size
[1] 1

$target_time
[1] 15

$commitment_side
   [,1] [,2] 
1  "1"  "-10"
2  "2"  "-13"
3  "3"  "-1" 
4  "4"  "-3" 
5  "5"  "-5" 
6  "6"  "-7" 
7  "7"  "-9" 
8  "8"  "3"  
9  "9"  "7"  
10 "10" "9"  
11 "11" "10" 
12 "12" "11" 
13 "13" "6"  
14 "14" "5"  
15 "15" "8"  

$edges
   in_node out_node length
1        1      -10   6.80
2        1      -11   6.80
3        2      -13   7.15
4        2      -14   7.15
5        3       -1   6.45
6        3       -2   6.45
7        4       -3   6.80
8        4       -4   6.80
9        5       -5   6.45
10       5       -6   6.45
11       6       -7   7.50
12       6       -8   7.50
13       7       -9   8.20
14       7        1   1.40
15       8        3   4.55
16       8        4   4.20
17       9        7   0.70
18       9      -12   8.90
19      10        9   0.35
20      10        2   2.10
21      11       10   1.05
22      11      -15  10.30
23      12       11   1.05
24      12      -16  11.35
25      13        6   4.55
26      13       12   0.70
27      14        5   6.30
28      14       13   0.70
29      15        8   2.65
30      15       14   0.90

$root_state_time
[1] 1.35

