$root_state
[1] "15"

$progenitor_states
 [1] "1"  "2"  "3"  "4"  "5"  "6"  "7"  "8"  "9"  "10" "11" "12" "13" "14" "15"

$terminal_states
 [1] "-1"  "-2"  "-3"  "-4"  "-5"  "-6"  "-7"  "-8"  "-9"  "-10" "-11" "-12" "-13" "-14" "-15" "-16"

$merge
   [,1] [,2]
1    -9  -10
2   -12  -13
3   -15  -16
4    -1   -2
5    -3   -4
6    -6   -7
7   -11    2
8     5   -5
9     1    7
10   -8    9
11   10  -14
12    6   11
13    8   12
14   13    3
15    4   14

$commitment_time
       1        2        3        4        5        6        7        8        9       10       11       12       13       14       15 
7.809489 9.368011 8.663248 9.051640 7.370581 9.443007 7.990066 4.985497 6.687347 6.044541 5.321365 4.292256 3.401367 2.865799 2.186342 

$commitment_bias
        [,1]      [,2]
15 0.4257669 0.5742331
4  0.4040580 0.5959420
14 0.3060557 0.6939443
13 0.4216424 0.5783576
8  0.2398772 0.7601228
5  0.3753305 0.6246695
12 0.3882903 0.6117097
6  0.4089498 0.5910502
11 0.4199877 0.5800123
10 0.5207191 0.4792809
9  0.3887972 0.6112028
1  0.6791822 0.3208178
7  0.4523973 0.5476027
2  0.4130871 0.5869129
3  0.3968480 0.6031520

$`doubling time`
   1    2    3    4    5    6    7    8    9   10   11   12   13   14   15   -1   -2   -3   -4   -5   -6   -7   -8   -9  -10  -11  -12  -13  -14  -15  -16 
0.35 0.35 0.35 0.35 0.35 0.35 0.35 0.35 0.35 0.35 0.35 0.35 0.35 0.35 0.45 0.35 0.35 0.35 0.35 0.35 0.35 0.35 0.35 0.35 0.35 0.35 0.35 0.35 0.35 0.35 0.35 

$founder_size
[1] 1

$target_time
[1] 15

$commitment_side
   [,1] [,2] 
1  "1"  "-9" 
2  "2"  "-12"
3  "3"  "-15"
4  "4"  "-1" 
5  "5"  "-3" 
6  "6"  "-6" 
7  "7"  "-11"
8  "8"  "5"  
9  "9"  "1"  
10 "10" "-8" 
11 "11" "10" 
12 "12" "6"  
13 "13" "8"  
14 "14" "13" 
15 "15" "4"  

$edges
   in_node out_node length
1        1       -9   7.85
2        1      -10   7.85
3        2      -12   6.10
4        2      -13   6.10
5        3      -15   6.80
6        3      -16   6.80
7        4       -1   6.45
8        4       -2   6.45
9        5       -3   8.20
10       5       -4   8.20
11       6       -6   6.10
12       6       -7   6.10
13       7      -11   7.50
14       7        2   1.40
15       8        5   2.45
16       8       -5  10.65
17       9        1   1.05
18       9        7   1.40
19      10       -8   9.60
20      10        9   0.70
21      11       10   0.70
22      11      -14  10.30
23      12        6   5.25
24      12       11   1.05
25      13        8   1.40
26      13       12   0.70
27      14       13   0.70
28      14        3   5.95
29      15        4   7.20
30      15       14   0.90

$root_state_time
[1] 1.35

