$root_state
[1] "15"

$progenitor_states
 [1] "1"  "2"  "3"  "4"  "5"  "6"  "7"  "8"  "9"  "10" "11" "12" "13" "14" "15"

$terminal_states
 [1] "-1"  "-2"  "-3"  "-4"  "-5"  "-6"  "-7"  "-8"  "-9"  "-10" "-11" "-12" "-13" "-14" "-15" "-16"

$merge
   [,1] [,2]
1    -9  -10
2   -11  -12
3   -14  -15
4    -2   -3
5    -6   -7
6     1    2
7     3  -16
8    -5    5
9     6  -13
10   -4    8
11    9    7
12   -8   11
13   10   12
14    4   13
15   -1   14

$commitment_time
       1        2        3        4        5        6        7        8        9       10       11       12       13       14       15 
9.605891 7.234053 8.843574 7.593152 9.242707 6.306573 7.005449 8.391076 5.571512 7.813859 4.818767 4.237287 3.623706 2.886521 2.317035 

$commitment_bias
        [,1]      [,2]
15 0.3733596 0.6266404
14 0.6649026 0.3350974
4  0.3952532 0.6047468
13 0.5876056 0.4123944
10 0.7116073 0.2883927
8  0.6041340 0.3958660
5  0.7155022 0.2844978
12 0.7891814 0.2108186
11 0.4740287 0.5259713
9  0.6433721 0.3566279
6  0.4436804 0.5563196
1  0.8513570 0.1486430
2  0.7905230 0.2094770
7  0.3775251 0.6224749
3  0.4099652 0.5900348

$`doubling time`
   1    2    3    4    5    6    7    8    9   10   11   12   13   14   15   -1   -2   -3   -4   -5   -6   -7   -8   -9  -10  -11  -12  -13  -14  -15  -16 
0.35 0.35 0.35 0.35 0.35 0.35 0.35 0.35 0.35 0.35 0.35 0.35 0.35 0.35 0.45 0.35 0.35 0.35 0.35 0.35 0.35 0.35 0.35 0.35 0.35 0.35 0.35 0.35 0.35 0.35 0.35 

$founder_size
[1] 1

$target_time
[1] 15

$commitment_side
   [,1] [,2] 
1  "1"  "-9" 
2  "2"  "-11"
3  "3"  "-14"
4  "4"  "-2" 
5  "5"  "-6" 
6  "6"  "1"  
7  "7"  "3"  
8  "8"  "-5" 
9  "9"  "6"  
10 "10" "-4" 
11 "11" "9"  
12 "12" "-8" 
13 "13" "10" 
14 "14" "4"  
15 "15" "-1" 

$edges
   in_node out_node length
1        1       -9   6.00
2        1      -10   6.00
3        2      -11   8.45
4        2      -12   8.45
5        3      -14   6.70
6        3      -15   6.70
7        4       -2   8.10
8        4       -3   8.10
9        5       -6   6.35
10       5       -7   6.35
11       6        1   3.15
12       6        2   0.70
13       7        3   1.75
14       7      -16   8.45
15       8       -5   7.05
16       8        5   0.70
17       9        6   0.70
18       9      -13   9.85
19      10       -4   7.75
20      10        8   0.70
21      11        9   0.70
22      11        7   2.10
23      12       -8  11.25
24      12       11   0.70
25      13       10   4.20
26      13       12   0.70
27      14        4   4.65
28      14       13   0.80
29      15       -1  13.20
30      15       14   0.45

$root_state_time
[1] 1.8

