$root_state
[1] "15"

$progenitor_states
 [1] "1"  "2"  "3"  "4"  "5"  "6"  "7"  "8"  "9"  "10" "11" "12" "13" "14" "15"

$terminal_states
 [1] "-1"  "-2"  "-3"  "-4"  "-5"  "-6"  "-7"  "-8"  "-9"  "-10" "-11" "-12" "-13" "-14" "-15" "-16"

$merge
   [,1] [,2]
1    -6   -7
2    -9  -10
3   -12  -13
4    -2   -3
5     3  -14
6     1   -8
7     5  -15
8    -5    6
9     7  -16
10    8    2
11   10  -11
12   11    9
13   -4   12
14    4   13
15   -1   14

$commitment_time
       1        2        3        4        5        6        7        8        9       10       11       12       13       14       15 
9.237153 6.688978 9.433859 4.776358 8.426132 8.060698 7.271123 7.516099 5.689127 5.908970 5.093167 3.981767 3.469763 2.931354 2.126874 

$commitment_bias
        [,1]      [,2]
15 0.2464090 0.7535910
14 0.4332356 0.5667644
4  0.4521673 0.5478327
13 0.4034933 0.5965067
12 0.6038527 0.3961473
11 0.4520242 0.5479758
10 0.6641789 0.3358211
8  0.5549981 0.4450019
6  0.2726010 0.7273990
1  0.4298203 0.5701797
2  0.4687020 0.5312980
9  0.3562573 0.6437427
7  0.5569534 0.4430466
5  0.5905359 0.4094641
3  0.7361608 0.2638392

$`doubling time`
   1    2    3    4    5    6    7    8    9   10   11   12   13   14   15   -1   -2   -3   -4   -5   -6   -7   -8   -9  -10  -11  -12  -13  -14  -15  -16 
0.35 0.35 0.35 0.35 0.35 0.35 0.35 0.35 0.35 0.35 0.35 0.35 0.35 0.35 0.45 0.35 0.35 0.35 0.35 0.35 0.35 0.35 0.35 0.35 0.35 0.35 0.35 0.35 0.35 0.35 0.35 

$founder_size
[1] 1

$target_time
[1] 15

$commitment_side
   [,1] [,2] 
1  "1"  "-6" 
2  "2"  "-9" 
3  "3"  "-12"
4  "4"  "-2" 
5  "5"  "3"  
6  "6"  "1"  
7  "7"  "5"  
8  "8"  "-5" 
9  "9"  "7"  
10 "10" "8"  
11 "11" "10" 
12 "12" "11" 
13 "13" "-4" 
14 "14" "4"  
15 "15" "-1" 

$edges
   in_node out_node length
1        1       -6   6.45
2        1       -7   6.45
3        2       -9   8.90
4        2      -10   8.90
5        3      -12   6.10
6        3      -13   6.10
7        4       -2  10.65
8        4       -3  10.65
9        5        3   1.05
10       5      -14   7.15
11       6        1   1.05
12       6       -8   7.50
13       7        5   1.05
14       7      -15   8.20
15       8       -5   7.85
16       8        6   0.35
17       9        7   1.75
18       9      -16   9.95
19      10        8   1.75
20      10        2   0.70
21      11       10   0.70
22      11      -11  10.30
23      12       11   1.40
24      12        9   1.75
25      13       -4  12.05
26      13       12   0.35
27      14        4   2.10
28      14       13   0.70
29      15       -1  13.65
30      15       14   0.90

$root_state_time
[1] 1.35

