$root_state
[1] "15"

$progenitor_states
 [1] "1"  "2"  "3"  "4"  "5"  "6"  "7"  "8"  "9"  "10" "11" "12" "13" "14" "15"

$terminal_states
 [1] "-1"  "-2"  "-3"  "-4"  "-5"  "-6"  "-7"  "-8"  "-9"  "-10" "-11" "-12" "-13" "-14" "-15" "-16"

$merge
   [,1] [,2]
1    -6   -7
2    -9  -10
3   -12  -13
4   -15  -16
5    -3   -4
6    -5    1
7     3  -14
8     6   -8
9     8    2
10    5    9
11   10  -11
12   -2   11
13   12    7
14   13    4
15   -1   14

$commitment_time
       1        2        3        4        5        6        7        8        9       10       11       12       13       14       15 
9.202312 8.283766 6.749775 6.986535 8.534928 8.667168 4.398751 7.645360 7.117277 5.799289 5.276448 4.770908 3.716884 3.090469 2.065006 

$commitment_bias
        [,1]      [,2]
15 0.3209477 0.6790523
14 0.6811688 0.3188312
13 0.7202028 0.2797972
12 0.2126839 0.7873161
11 0.3111821 0.6888179
10 0.5181745 0.4818255
5  0.3215627 0.6784373
9  0.5301841 0.4698159
8  0.7221129 0.2778871
6  0.5452104 0.4547896
1  0.6595575 0.3404425
2  0.3893825 0.6106175
7  0.5477141 0.4522859
3  0.4813811 0.5186189
4  0.3468526 0.6531474

$`doubling time`
   1    2    3    4    5    6    7    8    9   10   11   12   13   14   15   -1   -2   -3   -4   -5   -6   -7   -8   -9  -10  -11  -12  -13  -14  -15  -16 
0.35 0.35 0.35 0.35 0.35 0.35 0.35 0.35 0.35 0.35 0.35 0.35 0.35 0.35 0.45 0.35 0.35 0.35 0.35 0.35 0.35 0.35 0.35 0.35 0.35 0.35 0.35 0.35 0.35 0.35 0.35 

$founder_size
[1] 1

$target_time
[1] 15

$commitment_side
   [,1] [,2] 
1  "1"  "-6" 
2  "2"  "-9" 
3  "3"  "-12"
4  "4"  "-15"
5  "5"  "-3" 
6  "6"  "-5" 
7  "7"  "3"  
8  "8"  "6"  
9  "9"  "8"  
10 "10" "5"  
11 "11" "10" 
12 "12" "-2" 
13 "13" "12" 
14 "14" "13" 
15 "15" "-1" 

$edges
   in_node out_node length
1        1       -6   6.45
2        1       -7   6.45
3        2       -9   7.15
4        2      -10   7.15
5        3      -12   8.90
6        3      -13   8.90
7        4      -15   8.55
8        4      -16   8.55
9        5       -3   7.15
10       5       -4   7.15
11       6       -5   6.80
12       6        1   0.35
13       7        3   2.10
14       7      -14  11.00
15       8        6   1.05
16       8       -8   7.85
17       9        8   0.70
18       9        2   1.40
19      10        5   2.45
20      10        9   1.05
21      11       10   0.70
22      11      -11  10.30
23      12       -2  10.65
24      12       11   0.35
25      13       12   1.05
26      13        7   0.70
27      14       13   0.70
28      14        4   3.85
29      15       -1  13.65
30      15       14   1.25

$root_state_time
[1] 1.35

