$root_state
[1] "15"

$progenitor_states
 [1] "1"  "2"  "3"  "4"  "5"  "6"  "7"  "8"  "9"  "10" "11" "12" "13" "14" "15"

$terminal_states
 [1] "-1"  "-2"  "-3"  "-4"  "-5"  "-6"  "-7"  "-8"  "-9"  "-10" "-11" "-12" "-13" "-14" "-15" "-16"

$merge
   [,1] [,2]
1    -7   -8
2   -11  -12
3   -15  -16
4    -4   -5
5     1   -9
6     2  -13
7   -10    6
8    -6    5
9     8    7
10    9  -14
11    4   10
12   -3   11
13   -2   12
14   -1   13
15   14    3

$commitment_time
       1        2        3        4        5        6        7        8        9       10       11       12       13       14       15 
9.483393 8.555914 9.288096 8.158687 8.690329 6.724080 6.155530 7.417886 5.684653 5.026010 4.597558 3.844038 3.282380 2.761012 2.067602 

$commitment_bias
        [,1]      [,2]
15 0.7075343 0.2924657
14 0.5128774 0.4871226
13 0.5043431 0.4956569
12 0.5547364 0.4452636
11 0.5117562 0.4882438
4  0.4266996 0.5733004
10 0.3547178 0.6452822
9  0.6766840 0.3233160
8  0.7450661 0.2549339
5  0.5634342 0.4365658
1  0.4173799 0.5826201
7  0.3717783 0.6282217
6  0.3726697 0.6273303
2  0.3647996 0.6352004
3  0.5658079 0.4341921

$`doubling time`
   1    2    3    4    5    6    7    8    9   10   11   12   13   14   15   -1   -2   -3   -4   -5   -6   -7   -8   -9  -10  -11  -12  -13  -14  -15  -16 
0.35 0.35 0.35 0.35 0.35 0.35 0.35 0.35 0.35 0.35 0.35 0.35 0.35 0.35 0.45 0.35 0.35 0.35 0.35 0.35 0.35 0.35 0.35 0.35 0.35 0.35 0.35 0.35 0.35 0.35 0.35 

$founder_size
[1] 1

$target_time
[1] 15

$commitment_side
   [,1] [,2] 
1  "1"  "-7" 
2  "2"  "-11"
3  "3"  "-15"
4  "4"  "-4" 
5  "5"  "1"  
6  "6"  "2"  
7  "7"  "-10"
8  "8"  "-6" 
9  "9"  "8"  
10 "10" "9"  
11 "11" "4"  
12 "12" "-3" 
13 "13" "-2" 
14 "14" "-1" 
15 "15" "14" 

$edges
   in_node out_node length
1        1       -7   6.10
2        1       -8   6.10
3        2      -11   6.80
4        2      -12   6.80
5        3      -15   6.10
6        3      -16   6.10
7        4       -4   7.50
8        4       -5   7.50
9        5        1   0.70
10       5       -9   6.80
11       6        2   2.10
12       6      -13   8.90
13       7      -10   9.25
14       7        6   0.35
15       8       -6   8.20
16       8        5   1.40
17       9        8   1.75
18       9        7   0.70
19      10        9   0.70
20      10      -14  10.65
21      11        4   3.50
22      11       10   0.35
23      12       -3  11.70
24      12       11   0.70
25      13       -2  12.40
26      13       12   0.70
27      14       -1  12.75
28      14       13   0.35
29      15       14   0.90
30      15        3   7.55

$root_state_time
[1] 1.35

