$root_state
[1] "15"

$progenitor_states
 [1] "1"  "2"  "3"  "4"  "5"  "6"  "7"  "8"  "9"  "10" "11" "12" "13" "14" "15"

$terminal_states
 [1] "-1"  "-2"  "-3"  "-4"  "-5"  "-6"  "-7"  "-8"  "-9"  "-10" "-11" "-12" "-13" "-14" "-15" "-16"

$merge
   [,1] [,2]
1    -6   -7
2    -8   -9
3   -13  -14
4    -2   -3
5    -4   -5
6     2  -10
7     6  -11
8     7  -12
9     1    8
10    9    3
11    5   10
12    4   11
13   -1   12
14   13  -15
15   14  -16

$commitment_time
       1        2        3        4        5        6        7        8        9       10       11       12       13       14       15 
7.088206 9.369654 8.970436 8.662289 8.490510 8.064116 7.404653 6.559117 5.832609 5.123357 4.492157 3.910998 3.325621 2.760565 1.969094 

$commitment_bias
        [,1]      [,2]
15 0.3055632 0.6944368
14 0.6442491 0.3557509
13 0.5677054 0.4322946
12 0.2912616 0.7087384
4  0.5416803 0.4583197
11 0.4434296 0.5565704
5  0.4684444 0.5315556
10 0.3893754 0.6106246
9  0.5774620 0.4225380
1  0.4615309 0.5384691
8  0.6806159 0.3193841
7  0.6627420 0.3372580
6  0.5310845 0.4689155
2  0.3460806 0.6539194
3  0.8188125 0.1811875

$`doubling time`
   1    2    3    4    5    6    7    8    9   10   11   12   13   14   15   -1   -2   -3   -4   -5   -6   -7   -8   -9  -10  -11  -12  -13  -14  -15  -16 
0.35 0.35 0.35 0.35 0.35 0.35 0.35 0.35 0.35 0.35 0.35 0.35 0.35 0.35 0.45 0.35 0.35 0.35 0.35 0.35 0.35 0.35 0.35 0.35 0.35 0.35 0.35 0.35 0.35 0.35 0.35 

$founder_size
[1] 1

$target_time
[1] 15

$commitment_side
   [,1] [,2] 
1  "1"  "-6" 
2  "2"  "-8" 
3  "3"  "-13"
4  "4"  "-2" 
5  "5"  "-4" 
6  "6"  "2"  
7  "7"  "6"  
8  "8"  "7"  
9  "9"  "1"  
10 "10" "9"  
11 "11" "5"  
12 "12" "4"  
13 "13" "-1" 
14 "14" "13" 
15 "15" "14" 

$edges
   in_node out_node length
1        1       -6   8.55
2        1       -7   8.55
3        2       -8   6.10
4        2       -9   6.10
5        3      -13   6.45
6        3      -14   6.45
7        4       -2   6.80
8        4       -3   6.80
9        5       -4   7.15
10       5       -5   7.15
11       6        2   1.40
12       6      -10   7.50
13       7        6   0.70
14       7      -11   8.20
15       8        7   0.70
16       8      -12   8.90
17       9        1   1.05
18       9        8   0.70
19      10        9   0.70
20      10        3   3.85
21      11        5   3.85
22      11       10   0.70
23      12        4   4.90
24      12       11   0.70
25      13       -1  12.05
26      13       12   0.35
27      14       13   0.70
28      14      -15  12.75
29      15       14   0.90
30      15      -16  13.65

$root_state_time
[1] 1.35

