$root_state
[1] "15"

$progenitor_states
 [1] "1"  "2"  "3"  "4"  "5"  "6"  "7"  "8"  "9"  "10" "11" "12" "13" "14" "15"

$terminal_states
 [1] "-1"  "-2"  "-3"  "-4"  "-5"  "-6"  "-7"  "-8"  "-9"  "-10" "-11" "-12" "-13" "-14" "-15" "-16"

$merge
   [,1] [,2]
1    -5   -6
2    -7   -8
3   -10  -11
4   -15  -16
5     2   -9
6     3  -12
7    -4    1
8     7    5
9     8    6
10    9  -13
11   10  -14
12   11    4
13   -3   12
14   -2   13
15   -1   14

$commitment_time
       1        2        3        4        5        6        7        8        9       10       11       12       13       14       15 
9.496491 8.630058 7.504301 7.645875 8.054197 6.831866 8.844587 6.573942 5.944958 5.424828 4.743982 4.028918 3.208615 2.657860 1.975250 

$commitment_bias
        [,1]      [,2]
15 0.4383562 0.5616438
14 0.4822351 0.5177649
13 0.7326557 0.2673443
12 0.3676313 0.6323687
11 0.5110482 0.4889518
10 0.4823022 0.5176978
9  0.4490131 0.5509869
8  0.4373837 0.5626163
7  0.7666346 0.2333654
1  0.6906976 0.3093024
5  0.1090292 0.8909708
2  0.6014267 0.3985733
6  0.4966223 0.5033777
3  0.5209688 0.4790312
4  0.7497570 0.2502430

$`doubling time`
   1    2    3    4    5    6    7    8    9   10   11   12   13   14   15   -1   -2   -3   -4   -5   -6   -7   -8   -9  -10  -11  -12  -13  -14  -15  -16 
0.35 0.35 0.35 0.35 0.35 0.35 0.35 0.35 0.35 0.35 0.35 0.35 0.35 0.35 0.45 0.35 0.35 0.35 0.35 0.35 0.35 0.35 0.35 0.35 0.35 0.35 0.35 0.35 0.35 0.35 0.35 

$founder_size
[1] 1

$target_time
[1] 15

$commitment_side
   [,1] [,2] 
1  "1"  "-5" 
2  "2"  "-7" 
3  "3"  "-10"
4  "4"  "-15"
5  "5"  "2"  
6  "6"  "3"  
7  "7"  "-4" 
8  "8"  "7"  
9  "9"  "8"  
10 "10" "9"  
11 "11" "10" 
12 "12" "11" 
13 "13" "-3" 
14 "14" "-2" 
15 "15" "-1" 

$edges
   in_node out_node length
1        1       -5   6.10
2        1       -6   6.10
3        2       -7   6.80
4        2       -8   6.80
5        3      -10   7.85
6        3      -11   7.85
7        4      -15   7.85
8        4      -16   7.85
9        5        2   0.70
10       5       -9   7.50
11       6        3   0.70
12       6      -12   8.55
13       7       -4   6.80
14       7        1   0.70
15       8        7   2.10
16       8        5   1.40
17       9        8   0.70
18       9        6   1.05
19      10        9   0.35
20      10      -13   9.95
21      11       10   0.70
22      11      -14  10.65
23      12       11   0.70
24      12        4   3.50
25      13       -3  12.40
26      13       12   1.05
27      14       -2  12.75
28      14       13   0.35
29      15       -1  13.65
30      15       14   0.90

$root_state_time
[1] 1.35

