$root_state
[1] "15"

$progenitor_states
 [1] "1"  "2"  "3"  "4"  "5"  "6"  "7"  "8"  "9"  "10" "11" "12" "13" "14" "15"

$terminal_states
 [1] "-1"  "-2"  "-3"  "-4"  "-5"  "-6"  "-7"  "-8"  "-9"  "-10" "-11" "-12" "-13" "-14" "-15" "-16"

$merge
   [,1] [,2]
1    -6   -7
2    -9  -10
3   -13  -14
4   -15  -16
5    -1   -2
6    -3   -4
7     1   -8
8     3    4
9     5    6
10    7    2
11   -5   10
12    9   11
13   12  -11
14   13  -12
15   14    8

$commitment_time
       1        2        3        4        5        6        7        8        9       10       11       12       13       14       15 
8.702915 9.095965 7.491566 9.416073 8.802296 8.421867 7.872064 6.107468 6.571073 5.877007 5.241635 4.247833 3.497664 2.816442 2.060890 

$commitment_bias
        [,1]      [,2]
15 0.6206533 0.3793467
14 0.3709547 0.6290453
13 0.4897888 0.5102112
12 0.2187516 0.7812484
9  0.4451635 0.5548365
5  0.3064568 0.6935432
6  0.3076381 0.6923619
11 0.5916434 0.4083566
10 0.7196080 0.2803920
7  0.5998751 0.4001249
1  0.7248539 0.2751461
2  0.4542058 0.5457942
8  0.3773797 0.6226203
3  0.2822968 0.7177032
4  0.5631432 0.4368568

$`doubling time`
   1    2    3    4    5    6    7    8    9   10   11   12   13   14   15   -1   -2   -3   -4   -5   -6   -7   -8   -9  -10  -11  -12  -13  -14  -15  -16 
0.35 0.35 0.35 0.35 0.35 0.35 0.35 0.35 0.35 0.35 0.35 0.35 0.35 0.35 0.45 0.35 0.35 0.35 0.35 0.35 0.35 0.35 0.35 0.35 0.35 0.35 0.35 0.35 0.35 0.35 0.35 

$founder_size
[1] 1

$target_time
[1] 15

$commitment_side
   [,1] [,2] 
1  "1"  "-6" 
2  "2"  "-9" 
3  "3"  "-13"
4  "4"  "-15"
5  "5"  "-1" 
6  "6"  "-3" 
7  "7"  "1"  
8  "8"  "3"  
9  "9"  "5"  
10 "10" "7"  
11 "11" "-5" 
12 "12" "9"  
13 "13" "12" 
14 "14" "13" 
15 "15" "14" 

$edges
   in_node out_node length
1        1       -6   6.80
2        1       -7   6.80
3        2       -9   6.45
4        2      -10   6.45
5        3      -13   8.20
6        3      -14   8.20
7        4      -15   6.10
8        4      -16   6.10
9        5       -1   6.80
10       5       -2   6.80
11       6       -3   7.15
12       6       -4   7.15
13       7        1   0.70
14       7       -8   7.50
15       8        3   1.05
16       8        4   3.15
17       9        5   2.10
18       9        6   1.75
19      10        7   2.10
20      10        2   3.15
21      11       -5  10.30
22      11       10   0.70
23      12        9   2.45
24      12       11   1.05
25      13       12   0.70
26      13      -11  12.05
27      14       13   0.70
28      14      -12  12.75
29      15       14   0.90
30      15        8   4.40

$root_state_time
[1] 1.35

