$root_state
[1] "31"

$progenitor_states
 [1] "1"  "2"  "3"  "4"  "5"  "6"  "7"  "8"  "9"  "10" "11" "12" "13" "14" "15" "16" "17" "18" "19" "20" "21" "22" "23" "24" "25" "26" "27" "28" "29" "30" "31"

$terminal_states
 [1] "-1"  "-2"  "-3"  "-4"  "-5"  "-6"  "-7"  "-8"  "-9"  "-10" "-11" "-12" "-13" "-14" "-15" "-16" "-17" "-18" "-19" "-20" "-21" "-22" "-23" "-24" "-25" "-26"
[27] "-27" "-28" "-29" "-30" "-31" "-32"

$merge
   [,1] [,2]
1    -9  -10
2   -11  -12
3   -13  -14
4   -15  -16
5   -17  -18
6   -19  -20
7   -21  -22
8   -23  -24
9   -25  -26
10  -27  -28
11  -29  -30
12  -31  -32
13   -1   -2
14   -3   -4
15   -5   -6
16   -7   -8
17    1    2
18    3    4
19    5    6
20    7    8
21    9   10
22   11   12
23   13   14
24   15   16
25   17   18
26   19   20
27   21   22
28   23   24
29   26   27
30   28   25
31   30   29

$commitment_time
       1        2        3        4        5        6        7        8        9       10       11       12       13       14       15       16       17 
9.613507 5.734392 8.647543 9.505879 9.345978 8.856826 6.643683 6.812206 8.556784 9.670059 7.837986 6.415198 9.182007 9.032111 7.374778 7.497633 5.265091 
      18       19       20       21       22       23       24       25       26       27       28       29       30       31 
8.047973 6.297963 5.775115 7.600509 3.554218 4.682026 6.844588 4.724146 3.006563 3.140655 4.256318 2.547294 3.787306 1.954862 

$commitment_bias
        [,1]      [,2]
31 0.4412260 0.5587740
30 0.5513957 0.4486043
28 0.6181494 0.3818506
23 0.6404317 0.3595683
13 0.4445139 0.5554861
14 0.6524457 0.3475543
24 0.5074293 0.4925707
15 0.4683691 0.5316309
16 0.4126644 0.5873356
25 0.8190612 0.1809388
17 0.8405119 0.1594881
1  0.5425704 0.4574296
2  0.3817109 0.6182891
18 0.6368042 0.3631958
3  0.4668169 0.5331831
4  0.4947807 0.5052193
29 0.6475031 0.3524969
26 0.3217709 0.6782291
19 0.3143752 0.6856248
5  0.3295066 0.6704934
6  0.3207270 0.6792730
20 0.5476826 0.4523174
7  0.6730967 0.3269033
8  0.5403468 0.4596532
27 0.6270951 0.3729049
21 0.5135146 0.4864854
9  0.7283852 0.2716148
10 0.5201953 0.4798047
22 0.2710282 0.7289718
11 0.6556431 0.3443569
12 0.1843989 0.8156011

$`doubling time`
   1    2    3    4    5    6    7    8    9   10   11   12   13   14   15   16   17   18   19   20   21   22   23   24   25   26   27   28   29   30   31   -1 
0.35 0.35 0.35 0.35 0.35 0.35 0.35 0.35 0.35 0.35 0.35 0.35 0.35 0.35 0.35 0.35 0.35 0.35 0.35 0.35 0.35 0.35 0.35 0.35 0.35 0.35 0.35 0.35 0.35 0.35 0.45 0.35 
  -2   -3   -4   -5   -6   -7   -8   -9  -10  -11  -12  -13  -14  -15  -16  -17  -18  -19  -20  -21  -22  -23  -24  -25  -26  -27  -28  -29  -30  -31  -32 
0.35 0.35 0.35 0.35 0.35 0.35 0.35 0.35 0.35 0.35 0.35 0.35 0.35 0.35 0.35 0.35 0.35 0.35 0.35 0.35 0.35 0.35 0.35 0.35 0.35 0.35 0.35 0.35 0.35 0.35 0.35 

$founder_size
[1] 1

$target_time
[1] 15

$commitment_side
   [,1] [,2] 
1  "1"  "-9" 
2  "2"  "-11"
3  "3"  "-13"
4  "4"  "-15"
5  "5"  "-17"
6  "6"  "-19"
7  "7"  "-21"
8  "8"  "-23"
9  "9"  "-25"
10 "10" "-27"
11 "11" "-29"
12 "12" "-31"
13 "13" "-1" 
14 "14" "-3" 
15 "15" "-5" 
16 "16" "-7" 
17 "17" "1"  
18 "18" "3"  
19 "19" "5"  
20 "20" "7"  
21 "21" "9"  
22 "22" "11" 
23 "23" "13" 
24 "24" "15" 
25 "25" "17" 
26 "26" "19" 
27 "27" "21" 
28 "28" "23" 
29 "29" "26" 
30 "30" "28" 
31 "31" "30" 

$edges
   in_node out_node length
1        1       -9   5.75
2        1      -10   5.75
3        2      -11   9.95
4        2      -12   9.95
5        3      -13   6.80
6        3      -14   6.80
7        4      -15   6.10
8        4      -16   6.10
9        5      -17   6.10
10       5      -18   6.10
11       6      -19   6.80
12       6      -20   6.80
13       7      -21   8.90
14       7      -22   8.90
15       8      -23   8.55
16       8      -24   8.55
17       9      -25   6.80
18       9      -26   6.80
19      10      -27   5.75
20      10      -28   5.75
21      11      -29   7.85
22      11      -30   7.85
23      12      -31   9.25
24      12      -32   9.25
25      13       -1   6.45
26      13       -2   6.45
27      14       -3   6.45
28      14       -4   6.45
29      15       -5   8.20
30      15       -6   8.20
31      16       -7   8.20
32      16       -8   8.20
33      17        1   4.55
34      17        2   0.35
35      18        3   0.70
36      18        4   1.40
37      19        5   3.15
38      19        6   2.45
39      20        7   0.70
40      20        8   1.05
41      21        9   1.05
42      21       10   2.10
43      22       11   4.20
44      22       12   2.80
45      23       13   4.55
46      23       14   4.55
47      24       15   0.35
48      24       16   0.35
49      25       17   0.35
50      25       18   3.15
51      26       19   3.15
52      26       20   2.80
53      27       21   4.55
54      27       22   0.35
55      28       23   0.35
56      28       24   2.80
57      29       26   0.80
58      29       27   0.80
59      30       28   0.35
60      30       25   1.05
61      31       30   1.95
62      31       29   0.45

$root_state_time
[1] 1.35

