$root_state
[1] "31"

$progenitor_states
 [1] "1"  "2"  "3"  "4"  "5"  "6"  "7"  "8"  "9"  "10" "11" "12" "13" "14" "15" "16" "17" "18" "19" "20" "21" "22" "23" "24" "25" "26" "27" "28" "29" "30" "31"

$terminal_states
 [1] "-1"  "-2"  "-3"  "-4"  "-5"  "-6"  "-7"  "-8"  "-9"  "-10" "-11" "-12" "-13" "-14" "-15" "-16" "-17" "-18" "-19" "-20" "-21" "-22" "-23" "-24" "-25" "-26"
[27] "-27" "-28" "-29" "-30" "-31" "-32"

$merge
   [,1] [,2]
1    -7   -8
2    -9  -10
3   -13  -14
4   -15  -16
5   -17  -18
6   -20  -21
7   -22  -23
8   -24  -25
9   -26  -27
10  -28  -29
11  -31  -32
12   -1   -2
13   -4   -5
14    1    2
15  -12    3
16    5  -19
17    6    7
18    8    9
19   10  -30
20   13   -6
21   15    4
22   16   17
23   19   11
24   -3   20
25   14  -11
26   18   23
27   12   24
28   22   26
29   27   25
30   29   21
31   30   28

$commitment_time
       1        2        3        4        5        6        7        8        9       10       11       12       13       14       15       16       17 
8.589682 6.125244 7.711148 8.721593 9.348045 8.795158 8.046921 6.040765 5.706025 7.898068 5.454070 6.917384 9.562231 4.855812 4.259052 7.147242 7.252987 
      18       19       20       21       22       23       24       25       26       27       28       29       30       31 
4.784534 5.561191 8.896801 2.962261 5.849949 4.981569 8.112424 4.356629 3.663860 6.465796 3.198443 3.745563 2.419130 1.912275 

$commitment_bias
        [,1]      [,2]
31 0.4204537 0.5795463
30 0.5399847 0.4600153
29 0.6879849 0.3120151
27 0.5508486 0.4491514
12 0.6556310 0.3443690
24 0.7521294 0.2478706
20 0.5786017 0.4213983
13 0.3806291 0.6193709
25 0.6691862 0.3308138
14 0.7600267 0.2399733
1  0.2922021 0.7077979
2  0.5594651 0.4405349
21 0.3579112 0.6420888
15 0.7241870 0.2758130
3  0.4098133 0.5901867
4  0.6505854 0.3494146
28 0.1355706 0.8644294
22 0.4533734 0.5466266
16 0.4092695 0.5907305
5  0.2187510 0.7812490
17 0.4837517 0.5162483
6  0.5920482 0.4079518
7  0.4165544 0.5834456
26 0.5799218 0.4200782
18 0.8127597 0.1872403
8  0.5877413 0.4122587
9  0.3269390 0.6730610
23 0.4236564 0.5763436
19 0.6143224 0.3856776
10 0.5253029 0.4746971
11 0.3552242 0.6447758

$`doubling time`
   1    2    3    4    5    6    7    8    9   10   11   12   13   14   15   16   17   18   19   20   21   22   23   24   25   26   27   28   29   30   31   -1 
0.35 0.35 0.35 0.35 0.35 0.35 0.35 0.35 0.35 0.35 0.35 0.35 0.35 0.35 0.35 0.35 0.35 0.35 0.35 0.35 0.35 0.35 0.35 0.35 0.35 0.35 0.35 0.35 0.35 0.35 0.45 0.35 
  -2   -3   -4   -5   -6   -7   -8   -9  -10  -11  -12  -13  -14  -15  -16  -17  -18  -19  -20  -21  -22  -23  -24  -25  -26  -27  -28  -29  -30  -31  -32 
0.35 0.35 0.35 0.35 0.35 0.35 0.35 0.35 0.35 0.35 0.35 0.35 0.35 0.35 0.35 0.35 0.35 0.35 0.35 0.35 0.35 0.35 0.35 0.35 0.35 0.35 0.35 0.35 0.35 0.35 0.35 

$founder_size
[1] 1

$target_time
[1] 15

$commitment_side
   [,1] [,2] 
1  "1"  "-7" 
2  "2"  "-9" 
3  "3"  "-13"
4  "4"  "-15"
5  "5"  "-17"
6  "6"  "-20"
7  "7"  "-22"
8  "8"  "-24"
9  "9"  "-26"
10 "10" "-28"
11 "11" "-31"
12 "12" "-1" 
13 "13" "-4" 
14 "14" "1"  
15 "15" "-12"
16 "16" "5"  
17 "17" "6"  
18 "18" "8"  
19 "19" "10" 
20 "20" "13" 
21 "21" "15" 
22 "22" "16" 
23 "23" "19" 
24 "24" "-3" 
25 "25" "14" 
26 "26" "18" 
27 "27" "12" 
28 "28" "22" 
29 "29" "27" 
30 "30" "29" 
31 "31" "30" 

$edges
   in_node out_node length
1        1       -7   6.80
2        1       -8   6.80
3        2       -9   9.25
4        2      -10   9.25
5        3      -13   7.85
6        3      -14   7.85
7        4      -15   6.80
8        4      -16   6.80
9        5      -17   6.10
10       5      -18   6.10
11       6      -20   6.80
12       6      -21   6.80
13       7      -22   7.50
14       7      -23   7.50
15       8      -24   9.60
16       8      -25   9.60
17       9      -26   9.95
18       9      -27   9.95
19      10      -28   7.50
20      10      -29   7.50
21      11      -31   9.95
22      11      -32   9.95
23      12       -1   8.55
24      12       -2   8.55
25      13       -4   6.10
26      13       -5   6.10
27      14        1   3.85
28      14        2   1.40
29      15      -12  11.35
30      15        3   3.50
31      16        5   2.45
32      16      -19   8.55
33      17        6   1.40
34      17        7   0.70
35      18        8   1.05
36      18        9   0.70
37      19       10   2.45
38      19      -30   9.95
39      20       13   0.70
40      20       -6   6.80
41      21       15   1.05
42      21        4   5.60
43      22       16   1.05
44      22       17   1.40
45      23       19   0.70
46      23       11   0.70
47      24       -3   7.50
48      24       20   0.70
49      25       14   0.35
50      25      -11  11.00
51      26       18   1.05
52      26       23   1.05
53      27       12   0.35
54      27       24   1.40
55      28       22   2.80
56      28       26   0.70
57      29       27   2.80
58      29       25   0.70
59      30       29   1.50
60      30       21   0.80
61      31       30   0.45
62      31       28   1.25

$root_state_time
[1] 1.35

