$root_state
[1] "31"

$progenitor_states
 [1] "1"  "2"  "3"  "4"  "5"  "6"  "7"  "8"  "9"  "10" "11" "12" "13" "14" "15" "16" "17" "18" "19" "20" "21" "22" "23" "24" "25" "26" "27" "28" "29" "30" "31"

$terminal_states
 [1] "-1"  "-2"  "-3"  "-4"  "-5"  "-6"  "-7"  "-8"  "-9"  "-10" "-11" "-12" "-13" "-14" "-15" "-16" "-17" "-18" "-19" "-20" "-21" "-22" "-23" "-24" "-25" "-26"
[27] "-27" "-28" "-29" "-30" "-31" "-32"

$merge
   [,1] [,2]
1   -10  -11
2   -12  -13
3   -14  -15
4   -17  -18
5   -19  -20
6   -21  -22
7   -24  -25
8   -27  -28
9   -29  -30
10  -31  -32
11   -1   -2
12   -5   -6
13   -7   -8
14    1    2
15    3  -16
16    5    6
17  -23    7
18    9   10
19   11   -3
20   -4   12
21   -9   14
22   15    4
23   17  -26
24    8   18
25   19   20
26   22   16
27   23   24
28   25   13
29   26   27
30   28   21
31   30   29

$commitment_time
       1        2        3        4        5        6        7        8        9       10       11       12       13       14       15       16       17 
9.606638 7.228172 9.183280 9.065120 7.648860 7.428181 9.261257 7.591228 6.788302 9.412002 6.677663 9.503689 7.071699 4.641408 8.577915 5.734675 7.697856 
      18       19       20       21       22       23       24       25       26       27       28       29       30       31 
6.230972 4.474030 7.983873 3.414965 7.799621 5.670117 5.480205 4.025431 4.534444 4.892499 3.596860 3.236869 2.651267 2.025740 

$commitment_bias
        [,1]      [,2]
31 0.5932939 0.4067061
30 0.7118475 0.2881525
28 0.6699659 0.3300341
25 0.4257568 0.5742432
19 0.5284412 0.4715588
11 0.2078713 0.7921287
20 0.2869029 0.7130971
12 0.4326600 0.5673400
13 0.6672346 0.3327654
21 0.4840662 0.5159338
14 0.7322435 0.2677565
1  0.3757254 0.6242746
2  0.2797112 0.7202888
29 0.2748974 0.7251026
26 0.3891636 0.6108364
22 0.7991907 0.2008093
15 0.2195082 0.7804918
3  0.1858263 0.8141737
4  0.3574505 0.6425495
16 0.3674541 0.6325459
5  0.6828723 0.3171277
6  0.2557403 0.7442597
27 0.5726630 0.4273370
23 0.5873206 0.4126794
17 0.3283830 0.6716170
7  0.6815694 0.3184306
24 0.4352151 0.5647849
8  0.4397743 0.5602257
18 0.4941052 0.5058948
9  0.5878208 0.4121792
10 0.6421573 0.3578427

$`doubling time`
   1    2    3    4    5    6    7    8    9   10   11   12   13   14   15   16   17   18   19   20   21   22   23   24   25   26   27   28   29   30   31   -1 
0.35 0.35 0.35 0.35 0.35 0.35 0.35 0.35 0.35 0.35 0.35 0.35 0.35 0.35 0.35 0.35 0.35 0.35 0.35 0.35 0.35 0.35 0.35 0.35 0.35 0.35 0.35 0.35 0.35 0.35 0.45 0.35 
  -2   -3   -4   -5   -6   -7   -8   -9  -10  -11  -12  -13  -14  -15  -16  -17  -18  -19  -20  -21  -22  -23  -24  -25  -26  -27  -28  -29  -30  -31  -32 
0.35 0.35 0.35 0.35 0.35 0.35 0.35 0.35 0.35 0.35 0.35 0.35 0.35 0.35 0.35 0.35 0.35 0.35 0.35 0.35 0.35 0.35 0.35 0.35 0.35 0.35 0.35 0.35 0.35 0.35 0.35 

$founder_size
[1] 1

$target_time
[1] 15

$commitment_side
   [,1] [,2] 
1  "1"  "-10"
2  "2"  "-12"
3  "3"  "-14"
4  "4"  "-17"
5  "5"  "-19"
6  "6"  "-21"
7  "7"  "-24"
8  "8"  "-27"
9  "9"  "-29"
10 "10" "-31"
11 "11" "-1" 
12 "12" "-5" 
13 "13" "-7" 
14 "14" "1"  
15 "15" "3"  
16 "16" "5"  
17 "17" "-23"
18 "18" "9"  
19 "19" "11" 
20 "20" "-4" 
21 "21" "-9" 
22 "22" "15" 
23 "23" "17" 
24 "24" "8"  
25 "25" "19" 
26 "26" "22" 
27 "27" "23" 
28 "28" "25" 
29 "29" "26" 
30 "30" "28" 
31 "31" "30" 

$edges
   in_node out_node length
1        1      -10   5.75
2        1      -11   5.75
3        2      -12   8.20
4        2      -13   8.20
5        3      -14   6.45
6        3      -15   6.45
7        4      -17   6.45
8        4      -18   6.45
9        5      -19   7.85
10       5      -20   7.85
11       6      -21   8.20
12       6      -22   8.20
13       7      -24   6.10
14       7      -25   6.10
15       8      -27   7.85
16       8      -28   7.85
17       9      -29   8.90
18       9      -30   8.90
19      10      -31   6.10
20      10      -32   6.10
21      11       -1   8.90
22      11       -2   8.90
23      12       -5   6.10
24      12       -6   6.10
25      13       -7   8.55
26      13       -8   8.55
27      14        1   5.25
28      14        2   2.80
29      15        3   0.35
30      15      -16   6.80
31      16        5   2.10
32      16        6   1.75
33      17      -23   7.85
34      17        7   1.75
35      18        9   0.35
36      18       10   3.15
37      19       11   2.10
38      19       -3  11.00
39      20       -4   7.50
40      20       12   1.40
41      21       -9  12.05
42      21       14   1.05
43      22       15   1.05
44      22        4   1.40
45      23       17   2.10
46      23      -26   9.95
47      24        8   2.10
48      24       18   0.70
49      25       19   0.35
50      25       20   3.85
51      26       22   3.15
52      26       16   1.05
53      27       23   0.70
54      27       24   0.70
55      28       25   0.70
56      28       13   3.50
57      29       26   1.40
58      29       27   1.75
59      30       28   0.70
60      30       21   0.70
61      31       30   0.90
62      31       29   1.25

$root_state_time
[1] 1.35

