$root_state
[1] "31"

$progenitor_states
 [1] "1"  "2"  "3"  "4"  "5"  "6"  "7"  "8"  "9"  "10" "11" "12" "13" "14" "15" "16" "17" "18" "19" "20" "21" "22" "23" "24" "25" "26" "27" "28" "29" "30" "31"

$terminal_states
 [1] "-1"  "-2"  "-3"  "-4"  "-5"  "-6"  "-7"  "-8"  "-9"  "-10" "-11" "-12" "-13" "-14" "-15" "-16" "-17" "-18" "-19" "-20" "-21" "-22" "-23" "-24" "-25" "-26"
[27] "-27" "-28" "-29" "-30" "-31" "-32"

$merge
   [,1] [,2]
1    -8   -9
2   -10  -11
3   -12  -13
4   -15  -16
5   -17  -18
6   -21  -22
7   -23  -24
8   -25  -26
9   -27  -28
10  -29  -30
11   -2   -3
12   -4   -5
13   -6   -7
14    1    2
15    3  -14
16    4    5
17    6    7
18    9   10
19   -1   11
20   12   13
21   16  -19
22  -20   17
23   18  -31
24   19   20
25   14   15
26   24   25
27   22    8
28   23  -32
29   21   27
30   29   28
31   26   30

$commitment_time
       1        2        3        4        5        6        7        8        9       10       11       12       13       14       15       16       17 
6.210848 6.842214 7.308594 5.254916 8.713846 8.521153 9.367503 6.956404 7.108153 9.573404 9.429131 6.744626 7.446749 4.520648 5.795706 4.706336 8.003481 
      18       19       20       21       22       23       24       25       26       27       28       29       30       31 
5.940597 8.858915 6.065460 3.896737 7.541320 5.193027 5.303999 4.050013 2.569851 6.361678 3.835816 3.347623 2.729927 2.010088 

$commitment_bias
        [,1]      [,2]
31 0.6415270 0.3584730
26 0.6241222 0.3758778
24 0.5013214 0.4986786
19 0.6076194 0.3923806
11 0.6691244 0.3308756
20 0.7098659 0.2901341
12 0.2642923 0.7357077
13 0.7222896 0.2777104
25 0.2766449 0.7233551
14 0.3934329 0.6065671
1  0.4119379 0.5880621
2  0.5742081 0.4257919
15 0.4925763 0.5074237
3  0.4054752 0.5945248
30 0.5451374 0.4548626
29 0.4521426 0.5478574
21 0.6756059 0.3243941
16 0.2996248 0.7003752
4  0.8685364 0.1314636
5  0.4055180 0.5944820
27 0.4030176 0.5969824
22 0.6748271 0.3251729
17 0.3113815 0.6886185
6  0.2641245 0.7358755
7  0.5821703 0.4178297
8  0.4881333 0.5118667
28 0.5460342 0.4539658
23 0.5031685 0.4968315
18 0.5598507 0.4401493
9  0.3283821 0.6716179
10 0.3149287 0.6850713

$`doubling time`
   1    2    3    4    5    6    7    8    9   10   11   12   13   14   15   16   17   18   19   20   21   22   23   24   25   26   27   28   29   30   31   -1 
0.35 0.35 0.35 0.35 0.35 0.35 0.35 0.35 0.35 0.35 0.35 0.35 0.35 0.35 0.35 0.35 0.35 0.35 0.35 0.35 0.35 0.35 0.35 0.35 0.35 0.35 0.35 0.35 0.35 0.35 0.45 0.35 
  -2   -3   -4   -5   -6   -7   -8   -9  -10  -11  -12  -13  -14  -15  -16  -17  -18  -19  -20  -21  -22  -23  -24  -25  -26  -27  -28  -29  -30  -31  -32 
0.35 0.35 0.35 0.35 0.35 0.35 0.35 0.35 0.35 0.35 0.35 0.35 0.35 0.35 0.35 0.35 0.35 0.35 0.35 0.35 0.35 0.35 0.35 0.35 0.35 0.35 0.35 0.35 0.35 0.35 0.35 

$founder_size
[1] 1

$target_time
[1] 15

$commitment_side
   [,1] [,2] 
1  "1"  "-8" 
2  "2"  "-10"
3  "3"  "-12"
4  "4"  "-15"
5  "5"  "-17"
6  "6"  "-21"
7  "7"  "-23"
8  "8"  "-25"
9  "9"  "-27"
10 "10" "-29"
11 "11" "-2" 
12 "12" "-4" 
13 "13" "-6" 
14 "14" "1"  
15 "15" "3"  
16 "16" "4"  
17 "17" "6"  
18 "18" "9"  
19 "19" "-1" 
20 "20" "12" 
21 "21" "16" 
22 "22" "-20"
23 "23" "18" 
24 "24" "19" 
25 "25" "14" 
26 "26" "24" 
27 "27" "22" 
28 "28" "23" 
29 "29" "21" 
30 "30" "29" 
31 "31" "26" 

$edges
   in_node out_node length
1        1       -8   9.25
2        1       -9   9.25
3        2      -10   8.55
4        2      -11   8.55
5        3      -12   8.20
6        3      -13   8.20
7        4      -15  10.30
8        4      -16  10.30
9        5      -17   6.80
10       5      -18   6.80
11       6      -21   7.15
12       6      -22   7.15
13       7      -23   6.10
14       7      -24   6.10
15       8      -25   8.55
16       8      -26   8.55
17       9      -27   8.55
18       9      -28   8.55
19      10      -29   6.10
20      10      -30   6.10
21      11       -2   6.10
22      11       -3   6.10
23      12       -4   8.90
24      12       -5   8.90
25      13       -6   8.20
26      13       -7   8.20
27      14        1   1.75
28      14        2   2.45
29      15        3   1.40
30      15      -14   9.60
31      16        4   0.35
32      16        5   3.85
33      17        6   0.35
34      17        7   1.40
35      18        9   1.05
36      18       10   3.50
37      19       -1   6.80
38      19       11   0.70
39      20       12   0.70
40      20       13   1.40
41      21       16   1.05
42      21      -19  11.70
43      22      -20   7.85
44      22       17   0.35
45      23       18   0.70
46      23      -31  10.30
47      24       19   3.50
48      24       20   0.70
49      25       14   0.35
50      25       15   1.75
51      26       24   2.90
52      26       25   1.85
53      27       22   1.40
54      27        8   0.70
55      28       23   1.40
56      28      -32  11.70
57      29       21   0.35
58      29       27   2.80
59      30       29   0.70
60      30       28   1.05
61      31       26   0.45
62      31       30   0.90

$root_state_time
[1] 1.35

