$root_state
[1] "31"

$progenitor_states
 [1] "1"  "2"  "3"  "4"  "5"  "6"  "7"  "8"  "9"  "10" "11" "12" "13" "14" "15" "16" "17" "18" "19" "20" "21" "22" "23" "24" "25" "26" "27" "28" "29" "30" "31"

$terminal_states
 [1] "-1"  "-2"  "-3"  "-4"  "-5"  "-6"  "-7"  "-8"  "-9"  "-10" "-11" "-12" "-13" "-14" "-15" "-16" "-17" "-18" "-19" "-20" "-21" "-22" "-23" "-24" "-25" "-26"
[27] "-27" "-28" "-29" "-30" "-31" "-32"

$merge
   [,1] [,2]
1    -7   -8
2   -10  -11
3   -13  -14
4   -16  -17
5   -18  -19
6   -21  -22
7   -24  -25
8   -26  -27
9   -29  -30
10   -2   -3
11   -5   -6
12   -9    2
13    3  -15
14  -20    6
15  -23    7
16    8  -28
17    9  -31
18   10   -4
19   11    1
20   12  -12
21   13    4
22    5   14
23   16   17
24   18   19
25   22   15
26   23  -32
27   -1   24
28   25   26
29   27   20
30   29   21
31   30   28

$commitment_time
       1        2        3        4        5        6        7        8        9       10       11       12       13       14       15       16       17 
7.317894 9.187428 7.591322 7.420766 7.463873 9.491265 6.737928 8.866518 6.642821 9.285469 9.658316 6.427602 6.892499 8.164097 5.694138 8.041693 5.244417 
      18       19       20       21       22       23       24       25       26       27       28       29       30       31 
7.730419 5.492752 4.069541 5.405276 6.161421 4.818200 4.712489 3.869256 3.716880 4.268230 2.620921 3.230831 2.729401 1.988686 

$commitment_bias
        [,1]      [,2]
31 0.4547215 0.5452785
30 0.4579937 0.5420063
29 0.5672375 0.4327625
27 0.5479616 0.4520384
24 0.2586579 0.7413421
18 0.2489778 0.7510222
10 0.6033150 0.3966850
19 0.4922448 0.5077552
11 0.5643726 0.4356274
1  0.2438683 0.7561317
20 0.3027026 0.6972974
12 0.3845495 0.6154505
2  0.2819647 0.7180353
21 0.5282680 0.4717320
13 0.6208340 0.3791660
3  0.5599685 0.4400315
4  0.3873039 0.6126961
28 0.3307791 0.6692209
25 0.7736686 0.2263314
22 0.5490850 0.4509150
5  0.5955680 0.4044320
14 0.5251247 0.4748753
6  0.5103613 0.4896387
15 0.3636578 0.6363422
7  0.5357639 0.4642361
26 0.6324428 0.3675572
23 0.4450657 0.5549343
16 0.5090283 0.4909717
8  0.2506899 0.7493101
17 0.8090862 0.1909138
9  0.2225308 0.7774692

$`doubling time`
   1    2    3    4    5    6    7    8    9   10   11   12   13   14   15   16   17   18   19   20   21   22   23   24   25   26   27   28   29   30   31   -1 
0.35 0.35 0.35 0.35 0.35 0.35 0.35 0.35 0.35 0.35 0.35 0.35 0.35 0.35 0.35 0.35 0.35 0.35 0.35 0.35 0.35 0.35 0.35 0.35 0.35 0.35 0.35 0.35 0.35 0.35 0.45 0.35 
  -2   -3   -4   -5   -6   -7   -8   -9  -10  -11  -12  -13  -14  -15  -16  -17  -18  -19  -20  -21  -22  -23  -24  -25  -26  -27  -28  -29  -30  -31  -32 
0.35 0.35 0.35 0.35 0.35 0.35 0.35 0.35 0.35 0.35 0.35 0.35 0.35 0.35 0.35 0.35 0.35 0.35 0.35 0.35 0.35 0.35 0.35 0.35 0.35 0.35 0.35 0.35 0.35 0.35 0.35 

$founder_size
[1] 1

$target_time
[1] 15

$commitment_side
   [,1] [,2] 
1  "1"  "-7" 
2  "2"  "-10"
3  "3"  "-13"
4  "4"  "-16"
5  "5"  "-18"
6  "6"  "-21"
7  "7"  "-24"
8  "8"  "-26"
9  "9"  "-29"
10 "10" "-2" 
11 "11" "-5" 
12 "12" "-9" 
13 "13" "3"  
14 "14" "-20"
15 "15" "-23"
16 "16" "8"  
17 "17" "9"  
18 "18" "10" 
19 "19" "11" 
20 "20" "12" 
21 "21" "13" 
22 "22" "5"  
23 "23" "16" 
24 "24" "18" 
25 "25" "22" 
26 "26" "23" 
27 "27" "-1" 
28 "28" "25" 
29 "29" "27" 
30 "30" "29" 
31 "31" "30" 

$edges
   in_node out_node length
1        1       -7   8.20
2        1       -8   8.20
3        2      -10   6.45
4        2      -11   6.45
5        3      -13   7.85
6        3      -14   7.85
7        4      -16   8.20
8        4      -17   8.20
9        5      -18   8.20
10       5      -19   8.20
11       6      -21   6.10
12       6      -22   6.10
13       7      -24   8.90
14       7      -25   8.90
15       8      -26   6.80
16       8      -27   6.80
17       9      -29   8.90
18       9      -30   8.90
19      10       -2   6.10
20      10       -3   6.10
21      11       -5   5.75
22      11       -6   5.75
23      12       -9   9.25
24      12        2   2.80
25      13        3   0.70
26      13      -15   8.55
27      14      -20   7.50
28      14        6   1.40
29      15      -23   9.95
30      15        7   1.05
31      16        8   0.70
32      16      -28   7.50
33      17        9   1.40
34      17      -31  10.30
35      18       10   1.75
36      18       -4   7.85
37      19       11   4.20
38      19        1   1.75
39      20       12   2.10
40      20      -12  11.35
41      21       13   1.40
42      21        4   1.75
43      22        5   1.05
44      22       14   1.75
45      23       16   3.15
46      23       17   0.35
47      24       18   2.80
48      24       19   0.70
49      25       22   2.45
50      25       15   1.75
51      26       23   1.05
52      26      -32  11.70
53      27       -1  11.35
54      27       24   0.70
55      28       25   1.05
56      28       26   1.05
57      29       27   1.05
58      29       20   1.05
59      30       29   0.35
60      30       21   2.80
61      31       30   0.90
62      31       28   0.90

$root_state_time
[1] 1.35

