$root_state
[1] "31"

$progenitor_states
 [1] "1"  "2"  "3"  "4"  "5"  "6"  "7"  "8"  "9"  "10" "11" "12" "13" "14" "15" "16" "17" "18" "19" "20" "21" "22" "23" "24" "25" "26" "27" "28" "29" "30" "31"

$terminal_states
 [1] "-1"  "-2"  "-3"  "-4"  "-5"  "-6"  "-7"  "-8"  "-9"  "-10" "-11" "-12" "-13" "-14" "-15" "-16" "-17" "-18" "-19" "-20" "-21" "-22" "-23" "-24" "-25" "-26"
[27] "-27" "-28" "-29" "-30" "-31" "-32"

$merge
   [,1] [,2]
1    -8   -9
2   -10  -11
3   -12  -13
4   -15  -16
5   -18  -19
6   -20  -21
7   -22  -23
8   -25  -26
9   -29  -30
10  -31  -32
11   -2   -3
12   -6   -7
13    1    2
14  -14    4
15  -17    5
16    7  -24
17  -28    9
18   -1   11
19   -5   12
20   15    6
21   16    8
22  -27   17
23   18   -4
24   13    3
25   20   21
26   22   10
27   23   19
28   25   26
29   27   24
30   14   28
31   29   30

$commitment_time
       1        2        3        4        5        6        7        8        9       10       11       12       13       14       15       16       17 
9.597838 8.957869 5.798946 9.160985 8.848476 7.377081 9.412941 7.114555 8.022408 6.888893 9.359369 8.740233 4.346427 6.188267 7.217306 5.675122 7.551469 
      18       19       20       21       22       23       24       25       26       27       28       29       30       31 
7.441859 8.234249 6.401484 5.190080 5.015539 5.976696 3.450449 4.393881 4.024025 4.161556 3.185229 2.698846 2.429011 1.906170 

$commitment_bias
        [,1]      [,2]
31 0.2389159 0.7610841
29 0.6717366 0.3282634
27 0.6149733 0.3850267
23 0.5317702 0.4682298
18 0.2850351 0.7149649
11 0.7063524 0.2936476
19 0.4977758 0.5022242
12 0.5818585 0.4181415
24 0.6154374 0.3845626
13 0.7730252 0.2269748
1  0.3243120 0.6756880
2  0.4957181 0.5042819
3  0.2591425 0.7408575
30 0.6813283 0.3186717
14 0.6677192 0.3322808
4  0.6200298 0.3799702
28 0.3768143 0.6231857
25 0.3335183 0.6664817
20 0.5814679 0.4185321
15 0.5151809 0.4848191
5  0.4867774 0.5132226
6  0.5393439 0.4606561
21 0.3840861 0.6159139
16 0.5022981 0.4977019
7  0.6085543 0.3914457
8  0.6985690 0.3014310
26 0.3894162 0.6105838
22 0.5142750 0.4857250
17 0.1790724 0.8209276
9  0.5920832 0.4079168
10 0.6418689 0.3581311

$`doubling time`
   1    2    3    4    5    6    7    8    9   10   11   12   13   14   15   16   17   18   19   20   21   22   23   24   25   26   27   28   29   30   31   -1 
0.35 0.35 0.35 0.35 0.35 0.35 0.35 0.35 0.35 0.35 0.35 0.35 0.35 0.35 0.35 0.35 0.35 0.35 0.35 0.35 0.35 0.35 0.35 0.35 0.35 0.35 0.35 0.35 0.35 0.35 0.45 0.35 
  -2   -3   -4   -5   -6   -7   -8   -9  -10  -11  -12  -13  -14  -15  -16  -17  -18  -19  -20  -21  -22  -23  -24  -25  -26  -27  -28  -29  -30  -31  -32 
0.35 0.35 0.35 0.35 0.35 0.35 0.35 0.35 0.35 0.35 0.35 0.35 0.35 0.35 0.35 0.35 0.35 0.35 0.35 0.35 0.35 0.35 0.35 0.35 0.35 0.35 0.35 0.35 0.35 0.35 0.35 

$founder_size
[1] 1

$target_time
[1] 15

$commitment_side
   [,1] [,2] 
1  "1"  "-8" 
2  "2"  "-10"
3  "3"  "-12"
4  "4"  "-15"
5  "5"  "-18"
6  "6"  "-20"
7  "7"  "-22"
8  "8"  "-25"
9  "9"  "-29"
10 "10" "-31"
11 "11" "-2" 
12 "12" "-6" 
13 "13" "1"  
14 "14" "-14"
15 "15" "-17"
16 "16" "7"  
17 "17" "-28"
18 "18" "-1" 
19 "19" "-5" 
20 "20" "15" 
21 "21" "16" 
22 "22" "-27"
23 "23" "18" 
24 "24" "13" 
25 "25" "20" 
26 "26" "22" 
27 "27" "23" 
28 "28" "25" 
29 "29" "27" 
30 "30" "14" 
31 "31" "29" 

$edges
   in_node out_node length
1        1       -8   6.10
2        1       -9   6.10
3        2      -10   6.45
4        2      -11   6.45
5        3      -12   9.60
6        3      -13   9.60
7        4      -15   6.45
8        4      -16   6.45
9        5      -18   6.80
10       5      -19   6.80
11       6      -20   8.20
12       6      -21   8.20
13       7      -22   6.10
14       7      -23   6.10
15       8      -25   8.55
16       8      -26   8.55
17       9      -29   7.50
18       9      -30   7.50
19      10      -31   8.55
20      10      -32   8.55
21      11       -2   6.10
22      11       -3   6.10
23      12       -6   6.80
24      12       -7   6.80
25      13        1   5.25
26      13        2   4.90
27      14      -14   9.25
28      14        4   2.80
29      15      -17   8.20
30      15        5   1.40
31      16        7   3.85
32      16      -24   9.95
33      17      -28   7.85
34      17        9   0.35
35      18       -1   8.20
36      18       11   2.10
37      19       -5   7.15
38      19       12   0.35
39      20       15   1.05
40      20        6   1.05
41      21       16   0.35
42      21        8   1.75
43      22      -27  10.65
44      22       17   2.80
45      23       18   1.40
46      23       -4   9.60
47      24       13   0.70
48      24        3   2.45
49      25       20   1.75
50      25       21   0.70
51      26       22   0.70
52      26       10   2.80
53      27       23   1.75
54      27       19   4.20
55      28       25   1.40
56      28       26   1.05
57      29       27   1.40
58      29       24   0.70
59      30       14   3.95
60      30       28   0.80
61      31       29   0.90
62      31       30   0.45

$root_state_time
[1] 1.35

