$root_state
[1] "31"

$progenitor_states
 [1] "1"  "2"  "3"  "4"  "5"  "6"  "7"  "8"  "9"  "10" "11" "12" "13" "14" "15" "16" "17" "18" "19" "20" "21" "22" "23" "24" "25" "26" "27" "28" "29" "30" "31"

$terminal_states
 [1] "-1"  "-2"  "-3"  "-4"  "-5"  "-6"  "-7"  "-8"  "-9"  "-10" "-11" "-12" "-13" "-14" "-15" "-16" "-17" "-18" "-19" "-20" "-21" "-22" "-23" "-24" "-25" "-26"
[27] "-27" "-28" "-29" "-30" "-31" "-32"

$merge
   [,1] [,2]
1    -9  -10
2   -13  -14
3   -15  -16
4   -19  -20
5   -21  -22
6   -24  -25
7   -27  -28
8   -29  -30
9    -1   -2
10   -6   -7
11   -8    1
12  -18    4
13    5  -23
14    6  -26
15    8  -31
16    9   -3
17   -5   10
18   11  -11
19  -17   12
20   15  -32
21   -4   17
22    3   19
23    7   20
24   16   21
25   18  -12
26    2   22
27   24   25
28   14   23
29   13   28
30   26   29
31   27   30

$commitment_time
       1        2        3        4        5        6        7        8        9       10       11       12       13       14       15       16       17 
9.458151 9.488078 9.576544 8.495364 9.267873 6.349019 5.536147 8.352781 7.241700 9.386603 8.703500 7.877864 8.876275 5.882699 6.636351 6.734042 5.766522 
      18       19       20       21       22       23       24       25       26       27       28       29       30       31 
7.283509 7.336638 5.634052 4.746104 6.569760 4.487724 4.060455 5.383035 4.675504 3.545930 3.454733 3.032880 2.601726 2.006649 

$commitment_bias
        [,1]      [,2]
31 0.6920217 0.3079783
27 0.1968593 0.8031407
24 0.3730693 0.6269307
16 0.3917824 0.6082176
9  0.4988232 0.5011768
21 0.4750213 0.5249787
17 0.4553585 0.5446415
10 0.4999182 0.5000818
25 0.5294631 0.4705369
18 0.6668956 0.3331044
11 0.6301514 0.3698486
1  0.6666130 0.3333870
30 0.2348192 0.7651808
26 0.4980652 0.5019348
2  0.3407612 0.6592388
22 0.3427443 0.6572557
3  0.6752549 0.3247451
19 0.4215252 0.5784748
12 0.2741006 0.7258994
4  0.7966820 0.2033180
29 0.3917569 0.6082431
13 0.2341222 0.7658778
5  0.4924301 0.5075699
28 0.3056508 0.6943492
14 0.2836533 0.7163467
6  0.3143911 0.6856089
23 0.5275892 0.4724108
7  0.5984358 0.4015642
20 0.3823316 0.6176684
15 0.5842450 0.4157550
8  0.4301723 0.5698277

$`doubling time`
   1    2    3    4    5    6    7    8    9   10   11   12   13   14   15   16   17   18   19   20   21   22   23   24   25   26   27   28   29   30   31   -1 
0.35 0.35 0.35 0.35 0.35 0.35 0.35 0.35 0.35 0.35 0.35 0.35 0.35 0.35 0.35 0.35 0.35 0.35 0.35 0.35 0.35 0.35 0.35 0.35 0.35 0.35 0.35 0.35 0.35 0.35 0.45 0.35 
  -2   -3   -4   -5   -6   -7   -8   -9  -10  -11  -12  -13  -14  -15  -16  -17  -18  -19  -20  -21  -22  -23  -24  -25  -26  -27  -28  -29  -30  -31  -32 
0.35 0.35 0.35 0.35 0.35 0.35 0.35 0.35 0.35 0.35 0.35 0.35 0.35 0.35 0.35 0.35 0.35 0.35 0.35 0.35 0.35 0.35 0.35 0.35 0.35 0.35 0.35 0.35 0.35 0.35 0.35 

$founder_size
[1] 1

$target_time
[1] 15

$commitment_side
   [,1] [,2] 
1  "1"  "-9" 
2  "2"  "-13"
3  "3"  "-15"
4  "4"  "-19"
5  "5"  "-21"
6  "6"  "-24"
7  "7"  "-27"
8  "8"  "-29"
9  "9"  "-1" 
10 "10" "-6" 
11 "11" "-8" 
12 "12" "-18"
13 "13" "5"  
14 "14" "6"  
15 "15" "8"  
16 "16" "9"  
17 "17" "-5" 
18 "18" "11" 
19 "19" "-17"
20 "20" "15" 
21 "21" "-4" 
22 "22" "3"  
23 "23" "7"  
24 "24" "16" 
25 "25" "18" 
26 "26" "2"  
27 "27" "24" 
28 "28" "14" 
29 "29" "13" 
30 "30" "26" 
31 "31" "27" 

$edges
   in_node out_node length
1        1       -9   6.10
2        1      -10   6.10
3        2      -13   6.10
4        2      -14   6.10
5        3      -15   6.10
6        3      -16   6.10
7        4      -19   7.15
8        4      -20   7.15
9        5      -21   6.10
10       5      -22   6.10
11       6      -24   9.25
12       6      -25   9.25
13       7      -27   9.95
14       7      -28   9.95
15       8      -29   7.15
16       8      -30   7.15
17       9       -1   8.20
18       9       -2   8.20
19      10       -6   6.10
20      10       -7   6.10
21      11       -8   6.80
22      11        1   0.70
23      12      -18   7.50
24      12        4   0.35
25      13        5   0.70
26      13      -23   6.80
27      14        6   0.35
28      14      -26   9.60
29      15        8   1.75
30      15      -31   8.90
31      16        9   0.70
32      16       -3   8.90
33      17       -5   9.60
34      17       10   3.50
35      18       11   1.40
36      18      -11   8.20
37      19      -17   8.20
38      19       12   0.70
39      20       15   1.05
40      20      -32   9.95
41      21       -4  10.65
42      21       17   1.05
43      22        3   2.80
44      22       19   0.70
45      23        7   1.05
46      23       20   1.05
47      24       16   2.45
48      24       21   0.70
49      25       18   2.10
50      25      -12  10.30
51      26        2   4.90
52      26       22   2.10
53      27       24   0.70
54      27       25   1.75
55      28       14   2.45
56      28       23   1.05
57      29       13   5.60
58      29       28   0.35
59      30       26   1.75
60      30       29   0.35
61      31       27   1.60
62      31       30   0.90

$root_state_time
[1] 1.35

