$root_state
[1] "31"

$progenitor_states
 [1] "1"  "2"  "3"  "4"  "5"  "6"  "7"  "8"  "9"  "10" "11" "12" "13" "14" "15" "16" "17" "18" "19" "20" "21" "22" "23" "24" "25" "26" "27" "28" "29" "30" "31"

$terminal_states
 [1] "-1"  "-2"  "-3"  "-4"  "-5"  "-6"  "-7"  "-8"  "-9"  "-10" "-11" "-12" "-13" "-14" "-15" "-16" "-17" "-18" "-19" "-20" "-21" "-22" "-23" "-24" "-25" "-26"
[27] "-27" "-28" "-29" "-30" "-31" "-32"

$merge
   [,1] [,2]
1    -6   -7
2    -9  -10
3   -12  -13
4   -14  -15
5   -16  -17
6   -21  -22
7   -23  -24
8   -26  -27
9   -28  -29
10  -31  -32
11   -1   -2
12   -4   -5
13    2  -11
14    5  -18
15  -20    6
16  -25    8
17  -30   10
18   11   -3
19    1   -8
20   14  -19
21    9   17
22   18   12
23   19   13
24    4   20
25   16   21
26   22   23
27   26    3
28    7   25
29   15   28
30   24   29
31   27   30

$commitment_time
       1        2        3        4        5        6        7        8        9       10       11       12       13       14       15       16       17 
9.535058 9.697585 6.735803 7.117736 9.269214 9.038413 5.547143 9.452351 6.275494 7.917794 8.921684 7.974561 7.280245 8.338424 6.396498 8.292569 7.429658 
      18       19       20       21       22       23       24       25       26       27       28       29       30       31 
6.936986 5.436704 6.543195 5.864943 4.839514 4.567958 4.679007 4.907236 2.903280 2.399624 4.045027 3.606282 3.099517 1.891085 

$commitment_bias
        [,1]      [,2]
31 0.4872489 0.5127511
27 0.8261421 0.1738579
26 0.3073015 0.6926985
22 0.4154693 0.5845307
18 0.4666206 0.5333794
11 0.7265534 0.2734466
12 0.4182391 0.5817609
23 0.3854918 0.6145082
19 0.7403939 0.2596061
1  0.6448432 0.3551568
13 0.7579265 0.2420735
2  0.1492188 0.8507812
3  0.5104572 0.4895428
30 0.7560538 0.2439462
24 0.4103857 0.5896143
4  0.4408293 0.5591707
20 0.4123283 0.5876717
14 0.7308419 0.2691581
5  0.8409285 0.1590715
29 0.1555535 0.8444465
15 0.6715101 0.3284899
6  0.5424778 0.4575222
28 0.5425027 0.4574973
7  0.4664967 0.5335033
25 0.4558279 0.5441721
16 0.4133229 0.5866771
8  0.4346070 0.5653930
21 0.3416905 0.6583095
9  0.3033247 0.6966753
17 0.3699739 0.6300261
10 0.7281999 0.2718001

$`doubling time`
   1    2    3    4    5    6    7    8    9   10   11   12   13   14   15   16   17   18   19   20   21   22   23   24   25   26   27   28   29   30   31   -1 
0.35 0.35 0.35 0.35 0.35 0.35 0.35 0.35 0.35 0.35 0.35 0.35 0.35 0.35 0.35 0.35 0.35 0.35 0.35 0.35 0.35 0.35 0.35 0.35 0.35 0.35 0.35 0.35 0.35 0.35 0.45 0.35 
  -2   -3   -4   -5   -6   -7   -8   -9  -10  -11  -12  -13  -14  -15  -16  -17  -18  -19  -20  -21  -22  -23  -24  -25  -26  -27  -28  -29  -30  -31  -32 
0.35 0.35 0.35 0.35 0.35 0.35 0.35 0.35 0.35 0.35 0.35 0.35 0.35 0.35 0.35 0.35 0.35 0.35 0.35 0.35 0.35 0.35 0.35 0.35 0.35 0.35 0.35 0.35 0.35 0.35 0.35 

$founder_size
[1] 1

$target_time
[1] 15

$commitment_side
   [,1] [,2] 
1  "1"  "-6" 
2  "2"  "-9" 
3  "3"  "-12"
4  "4"  "-14"
5  "5"  "-16"
6  "6"  "-21"
7  "7"  "-23"
8  "8"  "-26"
9  "9"  "-28"
10 "10" "-31"
11 "11" "-1" 
12 "12" "-4" 
13 "13" "2"  
14 "14" "5"  
15 "15" "-20"
16 "16" "-25"
17 "17" "-30"
18 "18" "11" 
19 "19" "1"  
20 "20" "14" 
21 "21" "9"  
22 "22" "18" 
23 "23" "19" 
24 "24" "4"  
25 "25" "16" 
26 "26" "22" 
27 "27" "26" 
28 "28" "7"  
29 "29" "15" 
30 "30" "24" 
31 "31" "27" 

$edges
   in_node out_node length
1        1       -6   6.10
2        1       -7   6.10
3        2       -9   5.75
4        2      -10   5.75
5        3      -12   8.90
6        3      -13   8.90
7        4      -14   8.55
8        4      -15   8.55
9        5      -16   6.10
10       5      -17   6.10
11       6      -21   6.45
12       6      -22   6.45
13       7      -23   9.95
14       7      -24   9.95
15       8      -26   6.10
16       8      -27   6.10
17       9      -28   9.25
18       9      -29   9.25
19      10      -31   7.50
20      10      -32   7.50
21      11       -1   6.45
22      11       -2   6.45
23      12       -4   7.50
24      12       -5   7.50
25      13        2   2.45
26      13      -11   8.20
27      14        5   1.05
28      14      -18   7.15
29      15      -20   9.25
30      15        6   2.80
31      16      -25   7.15
32      16        8   1.05
33      17      -30   8.20
34      17       10   0.70
35      18       11   2.10
36      18       -3   8.55
37      19        1   3.85
38      19       -8   9.95
39      20       14   1.75
40      20      -19   8.90
41      21        9   0.35
42      21       17   1.40
43      22       18   2.10
44      22       12   3.15
45      23       19   1.05
46      23       13   2.80
47      24        4   2.45
48      24       20   2.10
49      25       16   3.50
50      25       21   1.05
51      26       22   2.10
52      26       23   1.75
53      27       26   0.45
54      27        3   4.30
55      28        7   1.40
56      28       25   0.70
57      29       15   2.80
58      29       28   0.70
59      30       24   1.40
60      30       29   0.35
61      31       27   0.45
62      31       30   1.25

$root_state_time
[1] 1.35

