$root_state
[1] "31"

$progenitor_states
 [1] "1"  "2"  "3"  "4"  "5"  "6"  "7"  "8"  "9"  "10" "11" "12" "13" "14" "15" "16" "17" "18" "19" "20" "21" "22" "23" "24" "25" "26" "27" "28" "29" "30" "31"

$terminal_states
 [1] "-1"  "-2"  "-3"  "-4"  "-5"  "-6"  "-7"  "-8"  "-9"  "-10" "-11" "-12" "-13" "-14" "-15" "-16" "-17" "-18" "-19" "-20" "-21" "-22" "-23" "-24" "-25" "-26"
[27] "-27" "-28" "-29" "-30" "-31" "-32"

$merge
   [,1] [,2]
1    -8   -9
2   -11  -12
3   -15  -16
4   -19  -20
5   -22  -23
6   -24  -25
7   -28  -29
8   -31  -32
9    -1   -2
10   -3   -4
11   -6   -7
12    1  -10
13    2  -13
14  -14    3
15    4  -21
16    5    6
17  -27    7
18   10   -5
19   14  -17
20  -18   15
21  -26   17
22    9   18
23   13   19
24   22   11
25   21  -30
26   23   20
27   25    8
28   16   27
29   12   26
30   29   28
31   24   30

$commitment_time
       1        2        3        4        5        6        7        8        9       10       11       12       13       14       15       16       17 
9.420537 8.496480 9.751037 9.254061 8.550068 6.553153 9.615967 6.848731 8.192912 5.690970 5.577548 8.367911 6.688783 8.075884 8.740039 5.074154 7.409036 
      18       19       20       21       22       23       24       25       26       27       28       29       30       31 
5.130177 7.518522 4.819584 6.980681 4.020520 6.019191 2.547831 5.822641 4.243515 4.173539 3.380622 3.247233 2.764657 1.895573 

$commitment_bias
        [,1]      [,2]
31 0.6319901 0.3680099
24 0.3157797 0.6842203
22 0.5815098 0.4184902
9  0.5160193 0.4839807
18 0.1699818 0.8300182
10 0.3185729 0.6814271
11 0.5311396 0.4688604
30 0.7409356 0.2590644
29 0.4409489 0.5590511
12 0.7194135 0.2805865
1  0.3506959 0.6493041
26 0.5658372 0.4341628
23 0.7405746 0.2594254
13 0.5262145 0.4737855
2  0.4666708 0.5333292
19 0.6911684 0.3088316
14 0.6833005 0.3166995
3  0.4381833 0.5618167
20 0.3677941 0.6322059
15 0.6872684 0.3127316
4  0.2628958 0.7371042
28 0.6541207 0.3458793
16 0.6658419 0.3341581
5  0.4490811 0.5509189
6  0.6012340 0.3987660
27 0.5018766 0.4981234
25 0.6670216 0.3329784
21 0.2831018 0.7168982
17 0.4872020 0.5127980
7  0.7081637 0.2918363
8  0.5522316 0.4477684

$`doubling time`
   1    2    3    4    5    6    7    8    9   10   11   12   13   14   15   16   17   18   19   20   21   22   23   24   25   26   27   28   29   30   31   -1 
0.35 0.35 0.35 0.35 0.35 0.35 0.35 0.35 0.35 0.35 0.35 0.35 0.35 0.35 0.35 0.35 0.35 0.35 0.35 0.35 0.35 0.35 0.35 0.35 0.35 0.35 0.35 0.35 0.35 0.35 0.45 0.35 
  -2   -3   -4   -5   -6   -7   -8   -9  -10  -11  -12  -13  -14  -15  -16  -17  -18  -19  -20  -21  -22  -23  -24  -25  -26  -27  -28  -29  -30  -31  -32 
0.35 0.35 0.35 0.35 0.35 0.35 0.35 0.35 0.35 0.35 0.35 0.35 0.35 0.35 0.35 0.35 0.35 0.35 0.35 0.35 0.35 0.35 0.35 0.35 0.35 0.35 0.35 0.35 0.35 0.35 0.35 

$founder_size
[1] 1

$target_time
[1] 15

$commitment_side
   [,1] [,2] 
1  "1"  "-8" 
2  "2"  "-11"
3  "3"  "-15"
4  "4"  "-19"
5  "5"  "-22"
6  "6"  "-24"
7  "7"  "-28"
8  "8"  "-31"
9  "9"  "-1" 
10 "10" "-3" 
11 "11" "-6" 
12 "12" "1"  
13 "13" "2"  
14 "14" "-14"
15 "15" "4"  
16 "16" "5"  
17 "17" "-27"
18 "18" "10" 
19 "19" "14" 
20 "20" "-18"
21 "21" "-26"
22 "22" "9"  
23 "23" "13" 
24 "24" "22" 
25 "25" "21" 
26 "26" "23" 
27 "27" "25" 
28 "28" "16" 
29 "29" "12" 
30 "30" "29" 
31 "31" "24" 

$edges
   in_node out_node length
1        1       -8   6.10
2        1       -9   6.10
3        2      -11   7.15
4        2      -12   7.15
5        3      -15   5.75
6        3      -16   5.75
7        4      -19   6.10
8        4      -20   6.10
9        5      -22   6.80
10       5      -23   6.80
11       6      -24   8.90
12       6      -25   8.90
13       7      -28   5.75
14       7      -29   5.75
15       8      -31   8.55
16       8      -32   8.55
17       9       -1   7.50
18       9       -2   7.50
19      10       -3   9.95
20      10       -4   9.95
21      11       -6   9.95
22      11       -7   9.95
23      12        1   1.05
24      12      -10   7.15
25      13        2   1.75
26      13      -13   8.90
27      14      -14   7.50
28      14        3   1.75
29      15        4   0.70
30      15      -21   6.80
31      16        5   3.50
32      16        6   1.40
33      17      -27   8.20
34      17        7   2.45
35      18       10   0.35
36      18       -5  10.30
37      19       14   0.35
38      19      -17   7.85
39      20      -18  10.65
40      20       15   3.85
41      21      -26   8.55
42      21       17   0.35
43      22        9   3.85
44      22       18   1.05
45      23       13   0.70
46      23       19   1.75
47      24       22   1.85
48      24       11   3.25
49      25       21   1.05
50      25      -30   9.60
51      26       23   1.75
52      26       20   0.70
53      27       25   1.75
54      27        8   2.80
55      28       16   1.75
56      28       27   0.70
57      29       12   5.25
58      29       26   1.05
59      30       29   0.35
60      30       28   0.70
61      31       24   0.45
62      31       30   0.90

$root_state_time
[1] 1.35

