$root_state
[1] "31"

$progenitor_states
 [1] "1"  "2"  "3"  "4"  "5"  "6"  "7"  "8"  "9"  "10" "11" "12" "13" "14" "15" "16" "17" "18" "19" "20" "21" "22" "23" "24" "25" "26" "27" "28" "29" "30" "31"

$terminal_states
 [1] "-1"  "-2"  "-3"  "-4"  "-5"  "-6"  "-7"  "-8"  "-9"  "-10" "-11" "-12" "-13" "-14" "-15" "-16" "-17" "-18" "-19" "-20" "-21" "-22" "-23" "-24" "-25" "-26"
[27] "-27" "-28" "-29" "-30" "-31" "-32"

$merge
   [,1] [,2]
1    -5   -6
2    -7   -8
3   -11  -12
4   -13  -14
5   -16  -17
6   -18  -19
7   -22  -23
8   -24  -25
9   -26  -27
10  -28  -29
11  -31  -32
12   -1   -2
13    2   -9
14  -10    3
15    4  -15
16    6  -20
17    7    8
18    9   10
19  -30   11
20   12   -3
21    1   13
22   16  -21
23   18   19
24   20   -4
25   17   23
26   21   14
27   26   15
28   24   27
29   28    5
30   29   22
31   30   25

$commitment_time
       1        2        3        4        5        6        7        8        9       10       11       12       13       14       15       16       17 
6.473210 8.660909 9.590986 7.871809 3.555572 9.439670 8.705676 4.959834 8.461532 7.552798 9.604898 9.672588 6.341500 6.554931 5.218828 9.014730 3.670135 
      18       19       20       21       22       23       24       25       26       27       28       29       30       31 
7.066231 7.764539 5.043206 5.881307 8.024907 6.664371 4.322515 2.863113 5.392599 4.432514 3.915077 2.973864 2.474969 1.852603 

$commitment_bias
        [,1]      [,2]
31 0.7084552 0.2915448
30 0.4595973 0.5404027
29 0.3790052 0.6209948
28 0.4633372 0.5366628
24 0.4029490 0.5970510
20 0.3620478 0.6379522
12 0.7497115 0.2502885
27 0.4587273 0.5412727
26 0.6063254 0.3936746
21 0.5011733 0.4988267
1  0.4881021 0.5118979
13 0.3483382 0.6516618
2  0.5369649 0.4630351
14 0.7539227 0.2460773
3  0.7433794 0.2566206
15 0.3626915 0.6373085
4  0.6769408 0.3230592
5  0.3524002 0.6475998
22 0.8454322 0.1545678
16 0.5702402 0.4297598
6  0.5837629 0.4162371
25 0.3387068 0.6612932
17 0.5260203 0.4739797
7  0.3496537 0.6503463
8  0.3018405 0.6981595
23 0.6988140 0.3011860
18 0.6873645 0.3126355
9  0.6180444 0.3819556
10 0.4068737 0.5931263
19 0.7109815 0.2890185
11 0.6360907 0.3639093

$`doubling time`
   1    2    3    4    5    6    7    8    9   10   11   12   13   14   15   16   17   18   19   20   21   22   23   24   25   26   27   28   29   30   31   -1 
0.35 0.35 0.35 0.35 0.35 0.35 0.35 0.35 0.35 0.35 0.35 0.35 0.35 0.35 0.35 0.35 0.35 0.35 0.35 0.35 0.35 0.35 0.35 0.35 0.35 0.35 0.35 0.35 0.35 0.35 0.45 0.35 
  -2   -3   -4   -5   -6   -7   -8   -9  -10  -11  -12  -13  -14  -15  -16  -17  -18  -19  -20  -21  -22  -23  -24  -25  -26  -27  -28  -29  -30  -31  -32 
0.35 0.35 0.35 0.35 0.35 0.35 0.35 0.35 0.35 0.35 0.35 0.35 0.35 0.35 0.35 0.35 0.35 0.35 0.35 0.35 0.35 0.35 0.35 0.35 0.35 0.35 0.35 0.35 0.35 0.35 0.35 

$founder_size
[1] 1

$target_time
[1] 15

$commitment_side
   [,1] [,2] 
1  "1"  "-5" 
2  "2"  "-7" 
3  "3"  "-11"
4  "4"  "-13"
5  "5"  "-16"
6  "6"  "-18"
7  "7"  "-22"
8  "8"  "-24"
9  "9"  "-26"
10 "10" "-28"
11 "11" "-31"
12 "12" "-1" 
13 "13" "2"  
14 "14" "-10"
15 "15" "4"  
16 "16" "6"  
17 "17" "7"  
18 "18" "9"  
19 "19" "-30"
20 "20" "12" 
21 "21" "1"  
22 "22" "16" 
23 "23" "18" 
24 "24" "20" 
25 "25" "17" 
26 "26" "21" 
27 "27" "26" 
28 "28" "24" 
29 "29" "28" 
30 "30" "29" 
31 "31" "30" 

$edges
   in_node out_node length
1        1       -5   8.90
2        1       -6   8.90
3        2       -7   6.80
4        2       -8   6.80
5        3      -11   6.10
6        3      -12   6.10
7        4      -13   7.50
8        4      -14   7.50
9        5      -16  12.05
10       5      -17  12.05
11       6      -18   6.10
12       6      -19   6.10
13       7      -22   6.80
14       7      -23   6.80
15       8      -24  10.65
16       8      -25  10.65
17       9      -26   7.15
18       9      -27   7.15
19      10      -28   7.85
20      10      -29   7.85
21      11      -31   5.75
22      11      -32   5.75
23      12       -1   5.75
24      12       -2   5.75
25      13        2   2.45
26      13       -9   9.25
27      14      -10   8.90
28      14        3   2.80
29      15        4   2.80
30      15      -15  10.30
31      16        6   0.35
32      16      -20   6.45
33      17        7   4.90
34      17        8   1.05
35      18        9   1.40
36      18       10   0.70
37      19      -30   7.85
38      19       11   2.10
39      20       12   4.90
40      20       -3  10.65
41      21        1   0.70
42      21       13   0.35
43      22       16   1.05
44      22      -21   7.50
45      23       18   0.35
46      23       19   1.05
47      24       20   0.70
48      24       -4  11.35
49      25       17   1.05
50      25       23   3.85
51      26       21   0.70
52      26       14   1.40
53      27       26   0.70
54      27       15   0.70
55      28       24   0.35
56      28       27   0.70
57      29       28   0.70
58      29        5   0.35
59      30       29   0.80
60      30       22   5.70
61      31       30   0.45
62      31       25   0.90

$root_state_time
[1] 1.35

