$root_state
[1] "31"

$progenitor_states
 [1] "1"  "2"  "3"  "4"  "5"  "6"  "7"  "8"  "9"  "10" "11" "12" "13" "14" "15" "16" "17" "18" "19" "20" "21" "22" "23" "24" "25" "26" "27" "28" "29" "30" "31"

$terminal_states
 [1] "-1"  "-2"  "-3"  "-4"  "-5"  "-6"  "-7"  "-8"  "-9"  "-10" "-11" "-12" "-13" "-14" "-15" "-16" "-17" "-18" "-19" "-20" "-21" "-22" "-23" "-24" "-25" "-26"
[27] "-27" "-28" "-29" "-30" "-31" "-32"

$merge
   [,1] [,2]
1    -8   -9
2   -12  -13
3   -15  -16
4   -17  -18
5   -19  -20
6   -21  -22
7   -24  -25
8   -27  -28
9   -31  -32
10   -2   -3
11   -4   -5
12   -7    1
13  -11    2
14  -14    3
15    6  -23
16  -26    8
17  -30    9
18   -1   10
19   11   -6
20   12  -10
21   14    4
22   15    7
23  -29   17
24   18   19
25   20   13
26   21    5
27   22   16
28   25   26
29   28   27
30   24   29
31   30   23

$commitment_time
       1        2        3        4        5        6        7        8        9       10       11       12       13       14       15       16       17 
9.592757 6.833680 7.580681 6.909041 7.153723 8.245201 7.519638 8.111862 5.256837 9.461818 8.870706 7.332237 5.144552 6.305334 7.673326 5.385534 4.740478 
      18       19       20       21       22       23       24       25       26       27       28       29       30       31 
9.057528 8.353002 5.693400 5.885760 4.622060 4.198225 5.505990 4.107944 4.669173 3.477111 3.610724 3.057142 2.614442 1.962117 

$commitment_bias
        [,1]      [,2]
31 0.6231155 0.3768845
30 0.3810515 0.6189485
24 0.6429841 0.3570159
18 0.3861943 0.6138057
10 0.2654814 0.7345186
19 0.6013199 0.3986801
11 0.2305915 0.7694085
29 0.8727316 0.1272684
28 0.3772382 0.6227618
25 0.4585573 0.5414427
20 0.5118757 0.4881243
12 0.4210360 0.5789640
1  0.6451016 0.3548984
13 0.2789672 0.7210328
2  0.4910110 0.5089890
26 0.2610038 0.7389962
21 0.2948727 0.7051273
14 0.4702706 0.5297294
3  0.8185001 0.1814999
4  0.5164914 0.4835086
5  0.4571003 0.5428997
27 0.3076258 0.6923742
22 0.3958959 0.6041041
15 0.5934702 0.4065298
6  0.5728013 0.4271987
7  0.5205481 0.4794519
16 0.5106712 0.4893288
8  0.6722035 0.3277965
23 0.2417285 0.7582715
17 0.3996755 0.6003245
9  0.8042454 0.1957546

$`doubling time`
   1    2    3    4    5    6    7    8    9   10   11   12   13   14   15   16   17   18   19   20   21   22   23   24   25   26   27   28   29   30   31   -1 
0.35 0.35 0.35 0.35 0.35 0.35 0.35 0.35 0.35 0.35 0.35 0.35 0.35 0.35 0.35 0.35 0.35 0.35 0.35 0.35 0.35 0.35 0.35 0.35 0.35 0.35 0.35 0.35 0.35 0.35 0.45 0.35 
  -2   -3   -4   -5   -6   -7   -8   -9  -10  -11  -12  -13  -14  -15  -16  -17  -18  -19  -20  -21  -22  -23  -24  -25  -26  -27  -28  -29  -30  -31  -32 
0.35 0.35 0.35 0.35 0.35 0.35 0.35 0.35 0.35 0.35 0.35 0.35 0.35 0.35 0.35 0.35 0.35 0.35 0.35 0.35 0.35 0.35 0.35 0.35 0.35 0.35 0.35 0.35 0.35 0.35 0.35 

$founder_size
[1] 1

$target_time
[1] 15

$commitment_side
   [,1] [,2] 
1  "1"  "-8" 
2  "2"  "-12"
3  "3"  "-15"
4  "4"  "-17"
5  "5"  "-19"
6  "6"  "-21"
7  "7"  "-24"
8  "8"  "-27"
9  "9"  "-31"
10 "10" "-2" 
11 "11" "-4" 
12 "12" "-7" 
13 "13" "-11"
14 "14" "-14"
15 "15" "6"  
16 "16" "-26"
17 "17" "-30"
18 "18" "-1" 
19 "19" "11" 
20 "20" "12" 
21 "21" "14" 
22 "22" "15" 
23 "23" "-29"
24 "24" "18" 
25 "25" "20" 
26 "26" "21" 
27 "27" "22" 
28 "28" "25" 
29 "29" "28" 
30 "30" "24" 
31 "31" "30" 

$edges
   in_node out_node length
1        1       -8   6.10
2        1       -9   6.10
3        2      -12   8.55
4        2      -13   8.55
5        3      -15   7.85
6        3      -16   7.85
7        4      -17   8.55
8        4      -18   8.55
9        5      -19   8.20
10       5      -20   8.20
11       6      -21   7.15
12       6      -22   7.15
13       7      -24   7.85
14       7      -25   7.85
15       8      -27   7.50
16       8      -28   7.50
17       9      -31  10.30
18       9      -32  10.30
19      10       -2   6.10
20      10       -3   6.10
21      11       -4   6.80
22      11       -5   6.80
23      12       -7   8.20
24      12        1   2.10
25      13      -11  10.30
26      13        2   1.75
27      14      -14   9.25
28      14        3   1.40
29      15        6   0.70
30      15      -23   7.85
31      16      -26  10.30
32      16        8   2.80
33      17      -30  10.65
34      17        9   0.35
35      18       -1   6.45
36      18       10   0.35
37      19       11   0.35
38      19       -6   7.15
39      20       12   1.75
40      20      -10   9.95
41      21       14   0.35
42      21        4   1.05
43      22       15   3.15
44      22        7   3.15
45      23      -29  11.35
46      23       17   0.70
47      24       18   3.50
48      24       19   2.80
49      25       20   1.40
50      25       13   1.05
51      26       21   1.40
52      26        5   2.80
53      27       22   1.05
54      27       16   1.75
55      28       25   0.70
56      28       26   1.05
57      29       28   0.35
58      29       27   0.35
59      30       24   2.80
60      30       29   0.35
61      31       30   0.90
62      31       23   2.30

$root_state_time
[1] 1.35

