$root_state
[1] "31"

$progenitor_states
 [1] "1"  "2"  "3"  "4"  "5"  "6"  "7"  "8"  "9"  "10" "11" "12" "13" "14" "15" "16" "17" "18" "19" "20" "21" "22" "23" "24" "25" "26" "27" "28" "29" "30" "31"

$terminal_states
 [1] "-1"  "-2"  "-3"  "-4"  "-5"  "-6"  "-7"  "-8"  "-9"  "-10" "-11" "-12" "-13" "-14" "-15" "-16" "-17" "-18" "-19" "-20" "-21" "-22" "-23" "-24" "-25" "-26"
[27] "-27" "-28" "-29" "-30" "-31" "-32"

$merge
   [,1] [,2]
1    -9  -10
2   -14  -15
3   -16  -17
4   -18  -19
5   -21  -22
6   -25  -26
7   -27  -28
8   -29  -30
9    -2   -3
10   -5   -6
11   -8    1
12    2    3
13  -20    5
14  -24    6
15    8  -31
16   10   -7
17   12    4
18   13  -23
19   14    7
20   15  -32
21   -4   16
22  -13   17
23   18   19
24   21   11
25  -12   22
26    9   24
27   25   23
28   26  -11
29   27   20
30   -1   28
31   30   29

$commitment_time
       1        2        3        4        5        6        7        8        9       10       11       12       13       14       15       16       17 
8.550613 9.702559 9.622164 7.296781 9.280945 8.625507 9.457579 8.320599 8.107650 9.389190 7.203343 6.687933 8.791388 7.681522 7.459177 7.393460 6.207489 
      18       19       20       21       22       23       24       25       26       27       28       29       30       31 
6.596558 5.040536 5.670472 6.785256 5.840435 4.420357 4.930413 5.130429 3.490102 3.953965 3.105661 3.520883 2.584314 2.039794 

$commitment_bias
        [,1]      [,2]
31 0.4273202 0.5726798
30 0.4410105 0.5589895
28 0.7250231 0.2749769
26 0.5344615 0.4655385
9  0.2284114 0.7715886
24 0.3676217 0.6323783
21 0.5191122 0.4808878
16 0.4559065 0.5440935
10 0.3484009 0.6515991
11 0.4930105 0.5069895
1  0.5463737 0.4536263
29 0.4447835 0.5552165
27 0.3982481 0.6017519
25 0.5623188 0.4376812
22 0.5610591 0.4389409
17 0.3081353 0.6918647
12 0.5360199 0.4639801
2  0.5600303 0.4399697
3  0.4603007 0.5396993
4  0.7320236 0.2679764
23 0.5358334 0.4641666
18 0.6833045 0.3166955
13 0.7372721 0.2627279
5  0.5855110 0.4144890
19 0.4490685 0.5509315
14 0.5181437 0.4818563
6  0.6286686 0.3713314
7  0.3740071 0.6259929
20 0.4473928 0.5526072
15 0.5066300 0.4933700
8  0.5531723 0.4468277

$`doubling time`
   1    2    3    4    5    6    7    8    9   10   11   12   13   14   15   16   17   18   19   20   21   22   23   24   25   26   27   28   29   30   31   -1 
0.35 0.35 0.35 0.35 0.35 0.35 0.35 0.35 0.35 0.35 0.35 0.35 0.35 0.35 0.35 0.35 0.35 0.35 0.35 0.35 0.35 0.35 0.35 0.35 0.35 0.35 0.35 0.35 0.35 0.35 0.45 0.35 
  -2   -3   -4   -5   -6   -7   -8   -9  -10  -11  -12  -13  -14  -15  -16  -17  -18  -19  -20  -21  -22  -23  -24  -25  -26  -27  -28  -29  -30  -31  -32 
0.35 0.35 0.35 0.35 0.35 0.35 0.35 0.35 0.35 0.35 0.35 0.35 0.35 0.35 0.35 0.35 0.35 0.35 0.35 0.35 0.35 0.35 0.35 0.35 0.35 0.35 0.35 0.35 0.35 0.35 0.35 

$founder_size
[1] 1

$target_time
[1] 15

$commitment_side
   [,1] [,2] 
1  "1"  "-9" 
2  "2"  "-14"
3  "3"  "-16"
4  "4"  "-18"
5  "5"  "-21"
6  "6"  "-25"
7  "7"  "-27"
8  "8"  "-29"
9  "9"  "-2" 
10 "10" "-5" 
11 "11" "-8" 
12 "12" "2"  
13 "13" "-20"
14 "14" "-24"
15 "15" "8"  
16 "16" "10" 
17 "17" "12" 
18 "18" "13" 
19 "19" "14" 
20 "20" "15" 
21 "21" "-4" 
22 "22" "-13"
23 "23" "18" 
24 "24" "21" 
25 "25" "-12"
26 "26" "9"  
27 "27" "25" 
28 "28" "26" 
29 "29" "27" 
30 "30" "-1" 
31 "31" "30" 

$edges
   in_node out_node length
1        1       -9   6.80
2        1      -10   6.80
3        2      -14   5.75
4        2      -15   5.75
5        3      -16   5.75
6        3      -17   5.75
7        4      -18   8.20
8        4      -19   8.20
9        5      -21   6.10
10       5      -22   6.10
11       6      -25   6.80
12       6      -26   6.80
13       7      -27   6.10
14       7      -28   6.10
15       8      -29   7.15
16       8      -30   7.15
17       9       -2   7.50
18       9       -3   7.50
19      10       -5   6.10
20      10       -6   6.10
21      11       -8   8.20
22      11        1   1.40
23      12        2   3.15
24      12        3   3.15
25      13      -20   6.80
26      13        5   0.70
27      14      -24   7.85
28      14        6   1.05
29      15        8   1.05
30      15      -31   8.20
31      16       10   2.10
32      16       -7   8.20
33      17       12   0.35
34      17        4   1.05
35      18       13   2.10
36      18      -23   8.90
37      19       14   2.80
38      19        7   4.55
39      20       15   1.75
40      20      -32   9.95
41      21       -4   8.90
42      21       16   0.70
43      22      -13   9.60
44      22       17   0.35
45      23       18   2.10
46      23       19   0.35
47      24       21   1.75
48      24       11   2.45
49      25      -12  10.30
50      25       22   0.70
51      26        9   4.55
52      26       24   1.40
53      27       25   1.40
54      27       23   0.70
55      28       26   0.35
56      28      -11  12.40
57      29       27   0.35
58      29       20   2.10
59      30       -1  13.20
60      30       28   0.80
61      31       30   0.45
62      31       29   1.60

$root_state_time
[1] 1.35

