$root_state
[1] "31"

$progenitor_states
 [1] "1"  "2"  "3"  "4"  "5"  "6"  "7"  "8"  "9"  "10" "11" "12" "13" "14" "15" "16" "17" "18" "19" "20" "21" "22" "23" "24" "25" "26" "27" "28" "29" "30" "31"

$terminal_states
 [1] "-1"  "-2"  "-3"  "-4"  "-5"  "-6"  "-7"  "-8"  "-9"  "-10" "-11" "-12" "-13" "-14" "-15" "-16" "-17" "-18" "-19" "-20" "-21" "-22" "-23" "-24" "-25" "-26"
[27] "-27" "-28" "-29" "-30" "-31" "-32"

$merge
   [,1] [,2]
1    -8   -9
2   -10  -11
3   -12  -13
4   -15  -16
5   -18  -19
6   -21  -22
7   -24  -25
8   -28  -29
9   -30  -31
10   -1   -2
11   -4   -5
12    4  -17
13    7  -26
14  -27    8
15   -3   11
16    1    2
17  -14   12
18   13   14
19   10   15
20    3   17
21  -23   18
22   19   -6
23   20    5
24   21    9
25   22   -7
26   25   16
27   24  -32
28    6   27
29  -20   28
30   23   29
31   26   30

$commitment_time
       1        2        3        4        5        6        7        8        9       10       11       12       13       14       15       16       17 
7.925267 6.196239 7.449959 9.353903 7.739130 9.684881 9.080471 9.272772 6.285724 8.529611 9.558725 8.175260 7.302557 8.436408 8.629285 4.393440 5.664446 
      18       19       20       21       22       23       24       25       26       27       28       29       30       31 
6.873406 5.608949 4.260196 6.383425 3.570800 3.705354 5.753048 2.968757 2.546424 5.051630 4.564797 3.822811 2.443911 1.917330 

$commitment_bias
        [,1]      [,2]
31 0.6639928 0.3360072
26 0.5374793 0.4625207
25 0.5533992 0.4466008
22 0.3844773 0.6155227
19 0.4526951 0.5473049
10 0.5264832 0.4735168
15 0.2446094 0.7553906
11 0.4159635 0.5840365
16 0.4590061 0.5409939
1  0.4018952 0.5981048
2  0.2961151 0.7038849
30 0.4319316 0.5680684
23 0.2520587 0.7479413
20 0.7408821 0.2591179
3  0.5285477 0.4714523
17 0.4754811 0.5245189
12 0.7156561 0.2843439
4  0.4006082 0.5993918
5  0.7169318 0.2830682
29 0.7217764 0.2782236
28 0.6991883 0.3008117
6  0.2840015 0.7159985
27 0.5986895 0.4013105
24 0.5434163 0.4565837
21 0.4035168 0.5964832
18 0.7236709 0.2763291
13 0.6821223 0.3178777
7  0.3461717 0.6538283
14 0.4488411 0.5511589
8  0.5737211 0.4262789
9  0.3672043 0.6327957

$`doubling time`
   1    2    3    4    5    6    7    8    9   10   11   12   13   14   15   16   17   18   19   20   21   22   23   24   25   26   27   28   29   30   31   -1 
0.35 0.35 0.35 0.35 0.35 0.35 0.35 0.35 0.35 0.35 0.35 0.35 0.35 0.35 0.35 0.35 0.35 0.35 0.35 0.35 0.35 0.35 0.35 0.35 0.35 0.35 0.35 0.35 0.35 0.35 0.45 0.35 
  -2   -3   -4   -5   -6   -7   -8   -9  -10  -11  -12  -13  -14  -15  -16  -17  -18  -19  -20  -21  -22  -23  -24  -25  -26  -27  -28  -29  -30  -31  -32 
0.35 0.35 0.35 0.35 0.35 0.35 0.35 0.35 0.35 0.35 0.35 0.35 0.35 0.35 0.35 0.35 0.35 0.35 0.35 0.35 0.35 0.35 0.35 0.35 0.35 0.35 0.35 0.35 0.35 0.35 0.35 

$founder_size
[1] 1

$target_time
[1] 15

$commitment_side
   [,1] [,2] 
1  "1"  "-8" 
2  "2"  "-10"
3  "3"  "-12"
4  "4"  "-15"
5  "5"  "-18"
6  "6"  "-21"
7  "7"  "-24"
8  "8"  "-28"
9  "9"  "-30"
10 "10" "-1" 
11 "11" "-4" 
12 "12" "4"  
13 "13" "7"  
14 "14" "-27"
15 "15" "-3" 
16 "16" "1"  
17 "17" "-14"
18 "18" "13" 
19 "19" "10" 
20 "20" "3"  
21 "21" "-23"
22 "22" "19" 
23 "23" "20" 
24 "24" "21" 
25 "25" "22" 
26 "26" "25" 
27 "27" "24" 
28 "28" "6"  
29 "29" "-20"
30 "30" "23" 
31 "31" "26" 

$edges
   in_node out_node length
1        1       -8   7.50
2        1       -9   7.50
3        2      -10   9.25
4        2      -11   9.25
5        3      -12   8.20
6        3      -13   8.20
7        4      -15   6.10
8        4      -16   6.10
9        5      -18   7.85
10       5      -19   7.85
11       6      -21   5.75
12       6      -22   5.75
13       7      -24   6.45
14       7      -25   6.45
15       8      -28   6.10
16       8      -29   6.10
17       9      -30   9.25
18       9      -31   9.25
19      10       -1   7.15
20      10       -2   7.15
21      11       -4   6.10
22      11       -5   6.10
23      12        4   1.40
24      12      -17   7.50
25      13        7   1.75
26      13      -26   8.20
27      14      -27   7.15
28      14        8   1.05
29      15       -3   6.80
30      15       11   0.70
31      16        1   3.50
32      16        2   1.75
33      17      -14   9.95
34      17       12   2.45
35      18       13   0.35
36      18       14   1.40
37      19       10   2.80
38      19       15   3.15
39      20        3   3.15
40      20       17   1.40
41      21      -23   9.25
42      21       18   0.70
43      22       19   2.10
44      22       -6  12.05
45      23       20   0.35
46      23        5   3.85
47      24       21   0.35
48      24        9   0.35
49      25       22   0.35
50      25       -7  12.40
51      26       25   0.80
52      26       16   2.20
53      27       24   0.70
54      27      -32  10.30
55      28        6   5.25
56      28       27   0.70
57      29      -20  11.70
58      29       28   0.70
59      30       23   1.50
60      30       29   1.50
61      31       26   0.45
62      31       30   0.45

$root_state_time
[1] 1.35

