$root_state
[1] "31"

$progenitor_states
 [1] "1"  "2"  "3"  "4"  "5"  "6"  "7"  "8"  "9"  "10" "11" "12" "13" "14" "15" "16" "17" "18" "19" "20" "21" "22" "23" "24" "25" "26" "27" "28" "29" "30" "31"

$terminal_states
 [1] "-1"  "-2"  "-3"  "-4"  "-5"  "-6"  "-7"  "-8"  "-9"  "-10" "-11" "-12" "-13" "-14" "-15" "-16" "-17" "-18" "-19" "-20" "-21" "-22" "-23" "-24" "-25" "-26"
[27] "-27" "-28" "-29" "-30" "-31" "-32"

$merge
   [,1] [,2]
1    -7   -8
2   -11  -12
3   -13  -14
4   -15  -16
5   -17  -18
6   -20  -21
7   -22  -23
8   -26  -27
9   -28  -29
10   -3   -4
11  -10    2
12    5  -19
13    7  -24
14  -25    8
15    9  -30
16   10   -5
17    1   -9
18   11    3
19    6   13
20   15  -31
21   -2   16
22   -6   17
23   18    4
24   20  -32
25   21   22
26   23   12
27   14   24
28   26   19
29   25   28
30   29   27
31   -1   30

$commitment_time
       1        2        3        4        5        6        7        8        9       10       11       12       13       14       15       16       17 
7.876551 9.430122 7.941731 6.443453 8.679908 8.491448 6.160436 6.664596 8.583325 9.720192 8.784802 6.248551 5.692885 5.127096 7.806848 8.961067 7.343801 
      18       19       20       21       22       23       24       25       26       27       28       29       30       31 
5.366692 4.050960 5.618656 8.057975 6.818214 4.629967 4.698689 5.438321 4.151863 3.810576 3.273964 2.800723 2.397445 1.890574 

$commitment_bias
        [,1]      [,2]
31 0.6734081 0.3265919
30 0.4039505 0.5960495
29 0.4735252 0.5264748
25 0.6475430 0.3524570
21 0.5137937 0.4862063
16 0.4173951 0.5826049
10 0.6148186 0.3851814
22 0.4317644 0.5682356
17 0.4267849 0.5732151
1  0.5363088 0.4636912
28 0.4439346 0.5560654
26 0.5841782 0.4158218
23 0.4454506 0.5545494
18 0.3115476 0.6884524
11 0.3749872 0.6250128
2  0.6138525 0.3861475
3  0.4028672 0.5971328
4  0.4478398 0.5521602
12 0.6688340 0.3311660
5  0.7640332 0.2359668
19 0.5449718 0.4550282
6  0.4244124 0.5755876
13 0.5983866 0.4016134
7  0.2111047 0.7888953
27 0.5864222 0.4135778
14 0.3730655 0.6269345
8  0.4697476 0.5302524
24 0.6190152 0.3809848
20 0.3399158 0.6600842
15 0.4702173 0.5297827
9  0.6138236 0.3861764

$`doubling time`
   1    2    3    4    5    6    7    8    9   10   11   12   13   14   15   16   17   18   19   20   21   22   23   24   25   26   27   28   29   30   31   -1 
0.35 0.35 0.35 0.35 0.35 0.35 0.35 0.35 0.35 0.35 0.35 0.35 0.35 0.35 0.35 0.35 0.35 0.35 0.35 0.35 0.35 0.35 0.35 0.35 0.35 0.35 0.35 0.35 0.35 0.35 0.45 0.35 
  -2   -3   -4   -5   -6   -7   -8   -9  -10  -11  -12  -13  -14  -15  -16  -17  -18  -19  -20  -21  -22  -23  -24  -25  -26  -27  -28  -29  -30  -31  -32 
0.35 0.35 0.35 0.35 0.35 0.35 0.35 0.35 0.35 0.35 0.35 0.35 0.35 0.35 0.35 0.35 0.35 0.35 0.35 0.35 0.35 0.35 0.35 0.35 0.35 0.35 0.35 0.35 0.35 0.35 0.35 

$founder_size
[1] 1

$target_time
[1] 15

$commitment_side
   [,1] [,2] 
1  "1"  "-7" 
2  "2"  "-11"
3  "3"  "-13"
4  "4"  "-15"
5  "5"  "-17"
6  "6"  "-20"
7  "7"  "-22"
8  "8"  "-26"
9  "9"  "-28"
10 "10" "-3" 
11 "11" "-10"
12 "12" "5"  
13 "13" "7"  
14 "14" "-25"
15 "15" "9"  
16 "16" "10" 
17 "17" "1"  
18 "18" "11" 
19 "19" "6"  
20 "20" "15" 
21 "21" "-2" 
22 "22" "-6" 
23 "23" "18" 
24 "24" "20" 
25 "25" "21" 
26 "26" "23" 
27 "27" "14" 
28 "28" "26" 
29 "29" "25" 
30 "30" "29" 
31 "31" "-1" 

$edges
   in_node out_node length
1        1       -7   7.50
2        1       -8   7.50
3        2      -11   6.10
4        2      -12   6.10
5        3      -13   7.50
6        3      -14   7.50
7        4      -15   9.25
8        4      -16   9.25
9        5      -17   6.80
10       5      -18   6.80
11       6      -20   7.15
12       6      -21   7.15
13       7      -22   9.25
14       7      -23   9.25
15       8      -26   8.90
16       8      -27   8.90
17       9      -28   6.80
18       9      -29   6.80
19      10       -3   5.75
20      10       -4   5.75
21      11      -10   6.80
22      11        2   0.70
23      12        5   2.45
24      12      -19   9.25
25      13        7   0.70
26      13      -24   9.95
27      14      -25  10.30
28      14        8   1.40
29      15        9   1.05
30      15      -30   7.85
31      16       10   0.70
32      16       -5   6.45
33      17        1   0.70
34      17       -9   8.20
35      18       11   3.50
36      18        3   2.80
37      19        6   4.20
38      19       13   1.40
39      20       15   2.10
40      20      -31   9.95
41      21       -2   7.50
42      21       16   1.05
43      22       -6   8.55
44      22       17   0.35
45      23       18   0.70
46      23        4   1.75
47      24       20   1.05
48      24      -32  11.00
49      25       21   2.45
50      25       22   1.40
51      26       23   0.35
52      26       12   2.10
53      27       14   1.40
54      27       24   0.70
55      28       26   1.05
56      28       19   1.05
57      29       25   2.80
58      29       28   0.35
59      30       29   0.45
60      30       27   1.50
61      31       -1  13.65
62      31       30   0.45

$root_state_time
[1] 1.35

