$root_state
[1] "31"

$progenitor_states
 [1] "1"  "2"  "3"  "4"  "5"  "6"  "7"  "8"  "9"  "10" "11" "12" "13" "14" "15" "16" "17" "18" "19" "20" "21" "22" "23" "24" "25" "26" "27" "28" "29" "30" "31"

$terminal_states
 [1] "-1"  "-2"  "-3"  "-4"  "-5"  "-6"  "-7"  "-8"  "-9"  "-10" "-11" "-12" "-13" "-14" "-15" "-16" "-17" "-18" "-19" "-20" "-21" "-22" "-23" "-24" "-25" "-26"
[27] "-27" "-28" "-29" "-30" "-31" "-32"

$merge
   [,1] [,2]
1   -11  -12
2   -14  -15
3   -17  -18
4   -20  -21
5   -25  -26
6   -28  -29
7   -30  -31
8    -2   -3
9    -5   -6
10   -8   -9
11  -10    1
12  -13    2
13    3  -19
14    5  -27
15    7  -32
16    8   -4
17   -7   10
18   13    4
19  -24   14
20   -1   16
21   18  -22
22   19    6
23   20    9
24  -16   21
25   23   17
26  -23   22
27   24   26
28   27   15
29   12   28
30   11   29
31   25   30

$commitment_time
       1        2        3        4        5        6        7        8        9       10       11       12       13       14       15       16       17 
8.308264 6.673385 9.364318 9.263482 9.122582 9.545089 6.893460 9.725243 6.491520 8.407729 7.443270 5.369578 8.645180 7.699542 4.594965 8.173836 6.604009 
      18       19       20       21       22       23       24       25       26       27       28       29       30       31 
7.774189 6.398770 6.754434 6.930678 5.855781 5.669085 5.276582 4.826343 4.455388 4.009431 3.578579 3.030746 2.520938 1.870859 

$commitment_bias
        [,1]      [,2]
31 0.3421937 0.6578063
25 0.6193730 0.3806270
23 0.5831844 0.4168156
20 0.2669488 0.7330512
16 0.6475031 0.3524969
8  0.3459362 0.6540638
9  0.4951854 0.5048146
17 0.4668040 0.5331960
10 0.3881213 0.6118787
30 0.3469785 0.6530215
11 0.6767581 0.3232419
1  0.6577167 0.3422833
29 0.7453607 0.2546393
12 0.2455360 0.7544640
2  0.3965952 0.6034048
28 0.3910260 0.6089740
27 0.4504879 0.5495121
24 0.1879939 0.8120061
21 0.5715573 0.4284427
18 0.8177498 0.1822502
13 0.7679327 0.2320673
3  0.5947027 0.4052973
4  0.3111466 0.6888534
26 0.5172841 0.4827159
22 0.5234880 0.4765120
19 0.3635038 0.6364962
14 0.2252005 0.7747995
5  0.4629785 0.5370215
6  0.5450907 0.4549093
15 0.3070476 0.6929524
7  0.5010257 0.4989743

$`doubling time`
   1    2    3    4    5    6    7    8    9   10   11   12   13   14   15   16   17   18   19   20   21   22   23   24   25   26   27   28   29   30   31   -1 
0.35 0.35 0.35 0.35 0.35 0.35 0.35 0.35 0.35 0.35 0.35 0.35 0.35 0.35 0.35 0.35 0.35 0.35 0.35 0.35 0.35 0.35 0.35 0.35 0.35 0.35 0.35 0.35 0.35 0.35 0.45 0.35 
  -2   -3   -4   -5   -6   -7   -8   -9  -10  -11  -12  -13  -14  -15  -16  -17  -18  -19  -20  -21  -22  -23  -24  -25  -26  -27  -28  -29  -30  -31  -32 
0.35 0.35 0.35 0.35 0.35 0.35 0.35 0.35 0.35 0.35 0.35 0.35 0.35 0.35 0.35 0.35 0.35 0.35 0.35 0.35 0.35 0.35 0.35 0.35 0.35 0.35 0.35 0.35 0.35 0.35 0.35 

$founder_size
[1] 1

$target_time
[1] 15

$commitment_side
   [,1] [,2] 
1  "1"  "-11"
2  "2"  "-14"
3  "3"  "-17"
4  "4"  "-20"
5  "5"  "-25"
6  "6"  "-28"
7  "7"  "-30"
8  "8"  "-2" 
9  "9"  "-5" 
10 "10" "-8" 
11 "11" "-10"
12 "12" "-13"
13 "13" "3"  
14 "14" "5"  
15 "15" "7"  
16 "16" "8"  
17 "17" "-7" 
18 "18" "13" 
19 "19" "-24"
20 "20" "-1" 
21 "21" "18" 
22 "22" "19" 
23 "23" "20" 
24 "24" "-16"
25 "25" "23" 
26 "26" "-23"
27 "27" "24" 
28 "28" "27" 
29 "29" "12" 
30 "30" "11" 
31 "31" "25" 

$edges
   in_node out_node length
1        1      -11   7.15
2        1      -12   7.15
3        2      -14   8.90
4        2      -15   8.90
5        3      -17   6.10
6        3      -18   6.10
7        4      -20   6.10
8        4      -21   6.10
9        5      -25   6.45
10       5      -26   6.45
11       6      -28   6.10
12       6      -29   6.10
13       7      -30   8.55
14       7      -31   8.55
15       8       -2   5.75
16       8       -3   5.75
17       9       -5   8.90
18       9       -6   8.90
19      10       -8   7.15
20      10       -9   7.15
21      11      -10   8.20
22      11        1   1.05
23      12      -13  10.30
24      12        2   1.40
25      13        3   0.70
26      13      -19   6.80
27      14        5   1.40
28      14      -27   7.85
29      15        7   2.45
30      15      -32  11.00
31      16        8   1.75
32      16       -4   7.50
33      17       -7   8.90
34      17       10   1.75
35      18       13   1.05
36      18        4   1.75
37      19      -24   9.25
38      19       14   1.40
39      20       -1   8.90
40      20       16   1.40
41      21       18   0.70
42      21      -22   8.55
43      22       19   0.35
44      22        6   3.50
45      23       20   1.05
46      23        9   1.05
47      24      -16  10.30
48      24       21   1.75
49      25       23   0.70
50      25       17   1.75
51      26      -23  11.00
52      26       22   1.40
53      27       24   1.05
54      27       26   0.35
55      28       27   0.70
56      28       15   1.05
57      29       12   2.10
58      29       28   0.35
59      30       11   5.00
60      30       29   0.80
61      31       25   3.00
62      31       30   0.45

$root_state_time
[1] 1.35

