$root_state
[1] "31"

$progenitor_states
 [1] "1"  "2"  "3"  "4"  "5"  "6"  "7"  "8"  "9"  "10" "11" "12" "13" "14" "15" "16" "17" "18" "19" "20" "21" "22" "23" "24" "25" "26" "27" "28" "29" "30" "31"

$terminal_states
 [1] "-1"  "-2"  "-3"  "-4"  "-5"  "-6"  "-7"  "-8"  "-9"  "-10" "-11" "-12" "-13" "-14" "-15" "-16" "-17" "-18" "-19" "-20" "-21" "-22" "-23" "-24" "-25" "-26"
[27] "-27" "-28" "-29" "-30" "-31" "-32"

$merge
   [,1] [,2]
1   -12  -13
2   -14  -15
3   -16  -17
4   -19  -20
5   -22  -23
6   -24  -25
7   -27  -28
8    -1   -2
9   -30  -31
10   -5   -6
11   -8   -9
12  -11    1
13    2    3
14    8   -3
15    4  -21
16    7  -29
17    9  -32
18   10   -7
19  -10   12
20   13  -18
21   15    5
22  -26   16
23   18   11
24   20   21
25    6   22
26   -4   23
27   19   24
28   27   25
29   28   17
30   26   29
31   14   30

$commitment_time
       1        2        3        4        5        6        7        8        9       10       11       12       13       14       15       16       17 
9.278388 7.831933 8.213290 9.353302 6.958538 6.249028 8.332639 7.862871 8.502695 8.141464 9.487639 8.697008 6.832959 4.019741 8.075174 6.399874 6.559114 
      18       19       20       21       22       23       24       25       26       27       28       29       30       31 
7.318731 5.614938 5.789190 5.572751 5.669768 5.077720 4.906305 3.989194 4.243614 4.404983 3.494197 2.980505 2.502264 1.872454 

$commitment_bias
        [,1]      [,2]
31 0.6117525 0.3882475
14 0.3255157 0.6744843
8  0.6330753 0.3669247
30 0.4953163 0.5046837
26 0.3909516 0.6090484
23 0.2167866 0.7832134
18 0.6242716 0.3757284
10 0.4580886 0.5419114
11 0.2152504 0.7847496
29 0.4951256 0.5048744
28 0.7220974 0.2779026
27 0.3679205 0.6320795
19 0.4263655 0.5736345
12 0.5872091 0.4127909
1  0.7724727 0.2275273
24 0.3263904 0.6736096
20 0.3338714 0.6661286
13 0.4969674 0.5030326
2  0.4376238 0.5623762
3  0.4786028 0.5213972
21 0.8208633 0.1791367
15 0.3995283 0.6004717
4  0.4648782 0.5351218
5  0.6632887 0.3367113
25 0.5265329 0.4734671
6  0.3365202 0.6634798
22 0.4381670 0.5618330
16 0.5153988 0.4846012
7  0.3355478 0.6644522
17 0.1872088 0.8127912
9  0.4106288 0.5893712

$`doubling time`
   1    2    3    4    5    6    7    8    9   10   11   12   13   14   15   16   17   18   19   20   21   22   23   24   25   26   27   28   29   30   31   -1 
0.35 0.35 0.35 0.35 0.35 0.35 0.35 0.35 0.35 0.35 0.35 0.35 0.35 0.35 0.35 0.35 0.35 0.35 0.35 0.35 0.35 0.35 0.35 0.35 0.35 0.35 0.35 0.35 0.35 0.35 0.45 0.35 
  -2   -3   -4   -5   -6   -7   -8   -9  -10  -11  -12  -13  -14  -15  -16  -17  -18  -19  -20  -21  -22  -23  -24  -25  -26  -27  -28  -29  -30  -31  -32 
0.35 0.35 0.35 0.35 0.35 0.35 0.35 0.35 0.35 0.35 0.35 0.35 0.35 0.35 0.35 0.35 0.35 0.35 0.35 0.35 0.35 0.35 0.35 0.35 0.35 0.35 0.35 0.35 0.35 0.35 0.35 

$founder_size
[1] 1

$target_time
[1] 15

$commitment_side
   [,1] [,2] 
1  "1"  "-12"
2  "2"  "-14"
3  "3"  "-16"
4  "4"  "-19"
5  "5"  "-22"
6  "6"  "-24"
7  "7"  "-27"
8  "8"  "-1" 
9  "9"  "-30"
10 "10" "-5" 
11 "11" "-8" 
12 "12" "-11"
13 "13" "2"  
14 "14" "8"  
15 "15" "4"  
16 "16" "7"  
17 "17" "9"  
18 "18" "10" 
19 "19" "-10"
20 "20" "13" 
21 "21" "15" 
22 "22" "-26"
23 "23" "18" 
24 "24" "20" 
25 "25" "6"  
26 "26" "-4" 
27 "27" "19" 
28 "28" "27" 
29 "29" "28" 
30 "30" "26" 
31 "31" "14" 

$edges
   in_node out_node length
1        1      -12   6.10
2        1      -13   6.10
3        2      -14   7.85
4        2      -15   7.85
5        3      -16   7.15
6        3      -17   7.15
7        4      -19   6.10
8        4      -20   6.10
9        5      -22   8.55
10       5      -23   8.55
11       6      -24   9.25
12       6      -25   9.25
13       7      -27   7.15
14       7      -28   7.15
15       8       -1   7.50
16       8       -2   7.50
17       9      -30   7.15
18       9      -31   7.15
19      10       -5   7.50
20      10       -6   7.50
21      11       -8   6.10
22      11       -9   6.10
23      12      -11   6.80
24      12        1   0.70
25      13        2   0.70
26      13        3   1.40
27      14        8   3.85
28      14       -3  11.35
29      15        4   1.40
30      15      -21   7.50
31      16        7   2.10
32      16      -29   9.25
33      17        9   1.75
34      17      -32   8.90
35      18       10   0.70
36      18       -7   8.20
37      19      -10   9.95
38      19       12   3.15
39      20       13   1.05
40      20      -18   9.60
41      21       15   2.45
42      21        5   1.40
43      22      -26   9.95
44      22       16   0.70
45      23       18   2.10
46      23       11   4.20
47      24       20   1.05
48      24       21   0.70
49      25        6   2.45
50      25       22   1.75
51      26       -4  11.35
52      26       23   1.05
53      27       19   1.05
54      27       24   0.35
55      28       27   1.05
56      28       25   0.35
57      29       28   0.35
58      29       17   3.50
59      30       26   1.85
60      30       29   0.80
61      31       14   2.30
62      31       30   0.45

$root_state_time
[1] 1.35

