$root_state
[1] "31"

$progenitor_states
 [1] "1"  "2"  "3"  "4"  "5"  "6"  "7"  "8"  "9"  "10" "11" "12" "13" "14" "15" "16" "17" "18" "19" "20" "21" "22" "23" "24" "25" "26" "27" "28" "29" "30" "31"

$terminal_states
 [1] "-1"  "-2"  "-3"  "-4"  "-5"  "-6"  "-7"  "-8"  "-9"  "-10" "-11" "-12" "-13" "-14" "-15" "-16" "-17" "-18" "-19" "-20" "-21" "-22" "-23" "-24" "-25" "-26"
[27] "-27" "-28" "-29" "-30" "-31" "-32"

$merge
   [,1] [,2]
1    -8   -9
2   -12  -13
3   -15  -16
4   -17  -18
5   -20  -21
6   -24  -25
7   -26  -27
8   -29  -30
9    -1   -2
10   -5   -6
11  -11    2
12    4  -19
13  -23    6
14    7  -28
15    9   -3
16   10   -7
17   11  -14
18    3   12
19   15   -4
20   14    8
21   16    1
22  -10   17
23   18    5
24   20  -31
25   23  -22
26   24  -32
27   22   25
28   27   13
29   21   28
30   29   26
31   19   30

$commitment_time
       1        2        3        4        5        6        7        8        9       10       11       12       13       14       15       16       17 
9.171414 9.587344 9.458377 8.927955 9.357466 9.269605 7.608963 7.766844 9.040835 5.756226 6.772448 8.416016 4.426543 7.134979 3.929906 4.533660 6.293628 
      18       19       20       21       22       23       24       25       26       27       28       29       30       31 
7.865475 2.545521 6.055049 3.825425 5.296429 6.897843 4.800933 5.922698 3.729003 4.885094 3.622258 3.135768 2.664449 1.998369 

$commitment_bias
        [,1]      [,2]
31 0.4756231 0.5243769
19 0.6271117 0.3728883
15 0.6102415 0.3897585
9  0.5746597 0.4253403
30 0.5518949 0.4481051
29 0.4962768 0.5037232
21 0.6854970 0.3145030
16 0.8747328 0.1252672
10 0.8710078 0.1289922
1  0.3400398 0.6599602
28 0.5160453 0.4839547
27 0.5312120 0.4687880
22 0.3549142 0.6450858
17 0.3973319 0.6026681
11 0.2463972 0.7536028
2  0.5625672 0.4374328
25 0.4858724 0.5141276
23 0.4234092 0.5765908
18 0.5055378 0.4944622
3  0.2691878 0.7308122
12 0.3043479 0.6956521
4  0.3355569 0.6644431
5  0.4605030 0.5394970
13 0.3241314 0.6758686
6  0.4301258 0.5698742
26 0.3881051 0.6118949
24 0.3438489 0.6561511
20 0.4001392 0.5998608
14 0.5659054 0.4340946
7  0.5925570 0.4074430
8  0.3811639 0.6188361

$`doubling time`
   1    2    3    4    5    6    7    8    9   10   11   12   13   14   15   16   17   18   19   20   21   22   23   24   25   26   27   28   29   30   31   -1 
0.35 0.35 0.35 0.35 0.35 0.35 0.35 0.35 0.35 0.35 0.35 0.35 0.35 0.35 0.35 0.35 0.35 0.35 0.35 0.35 0.35 0.35 0.35 0.35 0.35 0.35 0.35 0.35 0.35 0.35 0.45 0.35 
  -2   -3   -4   -5   -6   -7   -8   -9  -10  -11  -12  -13  -14  -15  -16  -17  -18  -19  -20  -21  -22  -23  -24  -25  -26  -27  -28  -29  -30  -31  -32 
0.35 0.35 0.35 0.35 0.35 0.35 0.35 0.35 0.35 0.35 0.35 0.35 0.35 0.35 0.35 0.35 0.35 0.35 0.35 0.35 0.35 0.35 0.35 0.35 0.35 0.35 0.35 0.35 0.35 0.35 0.35 

$founder_size
[1] 1

$target_time
[1] 15

$commitment_side
   [,1] [,2] 
1  "1"  "-8" 
2  "2"  "-12"
3  "3"  "-15"
4  "4"  "-17"
5  "5"  "-20"
6  "6"  "-24"
7  "7"  "-26"
8  "8"  "-29"
9  "9"  "-1" 
10 "10" "-5" 
11 "11" "-11"
12 "12" "4"  
13 "13" "-23"
14 "14" "7"  
15 "15" "9"  
16 "16" "10" 
17 "17" "11" 
18 "18" "3"  
19 "19" "15" 
20 "20" "14" 
21 "21" "16" 
22 "22" "-10"
23 "23" "18" 
24 "24" "20" 
25 "25" "23" 
26 "26" "24" 
27 "27" "22" 
28 "28" "27" 
29 "29" "21" 
30 "30" "29" 
31 "31" "19" 

$edges
   in_node out_node length
1        1       -8   6.45
2        1       -9   6.45
3        2      -12   6.10
4        2      -13   6.10
5        3      -15   6.10
6        3      -16   6.10
7        4      -17   6.45
8        4      -18   6.45
9        5      -20   6.10
10       5      -21   6.10
11       6      -24   6.10
12       6      -25   6.10
13       7      -26   7.85
14       7      -27   7.85
15       8      -29   7.85
16       8      -30   7.85
17       9       -1   6.45
18       9       -2   6.45
19      10       -5   9.60
20      10       -6   9.60
21      11      -11   8.90
22      11        2   2.80
23      12        4   0.70
24      12      -19   7.15
25      13      -23  11.00
26      13        6   4.90
27      14        7   0.70
28      14      -28   8.55
29      15        9   5.25
30      15       -3  11.70
31      16       10   1.40
32      16       -7  11.00
33      17       11   0.35
34      17      -14   9.25
35      18        3   1.40
36      18       12   0.35
37      19       15   1.50
38      19       -4  13.20
39      20       14   1.05
40      20        8   1.75
41      21       16   0.70
42      21        1   5.25
43      22      -10  10.30
44      22       17   1.05
45      23       18   1.05
46      23        5   2.45
47      24       20   1.05
48      24      -31  10.65
49      25       23   1.05
50      25      -22   9.60
51      26       24   1.05
52      26      -32  11.70
53      27       22   0.35
54      27       25   1.05
55      28       27   1.40
56      28       13   1.05
57      29       21   0.70
58      29       28   0.35
59      30       29   0.35
60      30       26   1.05
61      31       19   0.45
62      31       30   0.90

$root_state_time
[1] 1.35

