$root_state
[1] "31"

$progenitor_states
 [1] "1"  "2"  "3"  "4"  "5"  "6"  "7"  "8"  "9"  "10" "11" "12" "13" "14" "15" "16" "17" "18" "19" "20" "21" "22" "23" "24" "25" "26" "27" "28" "29" "30" "31"

$terminal_states
 [1] "-1"  "-2"  "-3"  "-4"  "-5"  "-6"  "-7"  "-8"  "-9"  "-10" "-11" "-12" "-13" "-14" "-15" "-16" "-17" "-18" "-19" "-20" "-21" "-22" "-23" "-24" "-25" "-26"
[27] "-27" "-28" "-29" "-30" "-31" "-32"

$merge
   [,1] [,2]
1    -6   -7
2    -9  -10
3   -15  -16
4   -19  -20
5   -25  -26
6   -28  -29
7   -30  -31
8    -1   -2
9    -3   -4
10   -8    2
11  -14    3
12    4  -21
13  -24    5
14    7  -32
15    9   -5
16   10  -11
17  -18   12
18   13  -27
19    8   15
20   17  -22
21    1   16
22   20  -23
23   21  -12
24   22   18
25   19   23
26  -17   24
27   26    6
28   11   27
29  -13   28
30   25   29
31   30   14

$commitment_time
       1        2        3        4        5        6        7        8        9       10       11       12       13       14       15       16       17 
9.521178 8.905590 8.422082 8.585377 9.687251 6.817785 9.617173 6.535179 8.673408 6.461358 5.679034 7.953315 9.072469 6.713112 6.956588 5.775313 7.428089 
      18       19       20       21       22       23       24       25       26       27       28       29       30       31 
5.866184 4.532271 6.589786 5.058568 6.023196 3.886475 5.239489 2.896769 4.571127 3.997717 3.453477 2.967873 2.435709 1.873229 

$commitment_bias
        [,1]      [,2]
31 0.6323759 0.3676241
30 0.2248883 0.7751117
25 0.6941505 0.3058495
19 0.4254437 0.5745563
8  0.2877240 0.7122760
15 0.7284836 0.2715164
9  0.4174355 0.5825645
23 0.5848325 0.4151675
21 0.3597297 0.6402703
1  0.4990853 0.5009147
16 0.4473433 0.5526567
10 0.4345900 0.5654100
2  0.6819703 0.3180297
29 0.5603406 0.4396594
28 0.5106360 0.4893640
11 0.3867401 0.6132599
3  0.4742770 0.5257230
27 0.3583355 0.6416645
26 0.3640514 0.6359486
24 0.4382115 0.5617885
22 0.5513475 0.4486525
20 0.4301191 0.5698809
17 0.5330668 0.4669332
12 0.7793953 0.2206047
4  0.7507887 0.2492113
18 0.4065183 0.5934817
13 0.4813609 0.5186391
5  0.4239846 0.5760154
6  0.5619114 0.4380886
14 0.6550459 0.3449541
7  0.3484577 0.6515423

$`doubling time`
   1    2    3    4    5    6    7    8    9   10   11   12   13   14   15   16   17   18   19   20   21   22   23   24   25   26   27   28   29   30   31   -1 
0.35 0.35 0.35 0.35 0.35 0.35 0.35 0.35 0.35 0.35 0.35 0.35 0.35 0.35 0.35 0.35 0.35 0.35 0.35 0.35 0.35 0.35 0.35 0.35 0.35 0.35 0.35 0.35 0.35 0.35 0.45 0.35 
  -2   -3   -4   -5   -6   -7   -8   -9  -10  -11  -12  -13  -14  -15  -16  -17  -18  -19  -20  -21  -22  -23  -24  -25  -26  -27  -28  -29  -30  -31  -32 
0.35 0.35 0.35 0.35 0.35 0.35 0.35 0.35 0.35 0.35 0.35 0.35 0.35 0.35 0.35 0.35 0.35 0.35 0.35 0.35 0.35 0.35 0.35 0.35 0.35 0.35 0.35 0.35 0.35 0.35 0.35 

$founder_size
[1] 1

$target_time
[1] 15

$commitment_side
   [,1] [,2] 
1  "1"  "-6" 
2  "2"  "-9" 
3  "3"  "-15"
4  "4"  "-19"
5  "5"  "-25"
6  "6"  "-28"
7  "7"  "-30"
8  "8"  "-1" 
9  "9"  "-3" 
10 "10" "-8" 
11 "11" "-14"
12 "12" "4"  
13 "13" "-24"
14 "14" "7"  
15 "15" "9"  
16 "16" "10" 
17 "17" "-18"
18 "18" "13" 
19 "19" "8"  
20 "20" "17" 
21 "21" "1"  
22 "22" "20" 
23 "23" "21" 
24 "24" "22" 
25 "25" "19" 
26 "26" "-17"
27 "27" "26" 
28 "28" "11" 
29 "29" "-13"
30 "30" "25" 
31 "31" "30" 

$edges
   in_node out_node length
1        1       -6   6.10
2        1       -7   6.10
3        2       -9   6.45
4        2      -10   6.45
5        3      -15   7.15
6        3      -16   7.15
7        4      -19   6.80
8        4      -20   6.80
9        5      -25   5.75
10       5      -26   5.75
11       6      -28   8.55
12       6      -29   8.55
13       7      -30   5.75
14       7      -31   5.75
15       8       -1   8.90
16       8       -2   8.90
17       9       -3   6.80
18       9       -4   6.80
19      10       -8   8.90
20      10        2   2.45
21      11      -14   9.95
22      11        3   2.80
23      12        4   0.70
24      12      -21   7.50
25      13      -24   6.45
26      13        5   0.70
27      14        7   3.15
28      14      -32   8.90
29      15        9   1.75
30      15       -5   8.55
31      16       10   0.70
32      16      -11   9.60
33      17      -18   8.20
34      17       12   0.70
35      18       13   3.15
36      18      -27   9.60
37      19        8   2.10
38      19       15   2.45
39      20       17   0.70
40      20      -22   8.90
41      21        1   4.20
42      21       16   0.70
43      22       20   0.70
44      22      -23   9.60
45      23       21   1.40
46      23      -12  11.70
47      24       22   0.70
48      24       18   0.70
49      25       19   1.75
50      25       23   1.05
51      26      -17  11.00
52      26       24   0.70
53      27       26   0.70
54      27        6   3.15
55      28       11   2.10
56      28       27   0.35
57      29      -13  12.40
58      29       28   0.35
59      30       25   0.45
60      30       29   0.80
61      31       30   0.45
62      31       14   4.75

$root_state_time
[1] 1.35

