$root_state
[1] "31"

$progenitor_states
 [1] "1"  "2"  "3"  "4"  "5"  "6"  "7"  "8"  "9"  "10" "11" "12" "13" "14" "15" "16" "17" "18" "19" "20" "21" "22" "23" "24" "25" "26" "27" "28" "29" "30" "31"

$terminal_states
 [1] "-1"  "-2"  "-3"  "-4"  "-5"  "-6"  "-7"  "-8"  "-9"  "-10" "-11" "-12" "-13" "-14" "-15" "-16" "-17" "-18" "-19" "-20" "-21" "-22" "-23" "-24" "-25" "-26"
[27] "-27" "-28" "-29" "-30" "-31" "-32"

$merge
   [,1] [,2]
1    -3   -4
2    -6   -7
3    -8   -9
4   -12  -13
5   -19  -20
6   -22  -23
7   -28  -29
8   -31  -32
9    -1   -2
10    1   -5
11    4  -14
12    5  -21
13    6  -24
14    7  -30
15   11  -15
16   13  -25
17   14    8
18   10    2
19  -11   15
20   12   16
21   18    3
22   20  -26
23   21  -10
24  -18   22
25   23   19
26   24  -27
27   25  -16
28  -17   26
29    9   27
30   29   28
31   30   17

$commitment_time
       1        2        3        4        5        6        7        8        9       10       11       12       13       14       15       16       17 
9.287647 9.382591 8.769885 9.648169 8.559161 9.718815 7.973248 6.950483 8.660887 8.402300 7.771321 7.856339 8.848175 7.247857 6.729328 7.910507 5.924878 
      18       19       20       21       22       23       24       25       26       27       28       29       30       31 
8.027323 5.767456 5.831138 6.611293 5.303208 6.135089 4.893985 4.787878 3.566721 4.272785 3.179301 3.775132 2.684286 2.112193 

$commitment_bias
        [,1]      [,2]
31 0.5512339 0.4487661
30 0.4091006 0.5908994
29 0.5400221 0.4599779
9  0.6329006 0.3670994
27 0.3966854 0.6033146
25 0.3359911 0.6640089
23 0.5586130 0.4413870
21 0.4098784 0.5901216
18 0.4321374 0.5678626
10 0.3552111 0.6447889
1  0.5115647 0.4884353
2  0.5110482 0.4889518
3  0.8526279 0.1473721
19 0.6116712 0.3883288
15 0.4576521 0.5423479
11 0.4718701 0.5281299
4  0.8321146 0.1678854
28 0.6612845 0.3387155
26 0.4152070 0.5847930
24 0.4846509 0.5153491
22 0.5584030 0.4415970
20 0.7236396 0.2763604
12 0.3997049 0.6002951
5  0.4122685 0.5877315
16 0.2999199 0.7000801
13 0.5613563 0.4386437
6  0.5302330 0.4697670
17 0.4160284 0.5839716
14 0.3158107 0.6841893
7  0.6333985 0.3666015
8  0.3045974 0.6954026

$`doubling time`
   1    2    3    4    5    6    7    8    9   10   11   12   13   14   15   16   17   18   19   20   21   22   23   24   25   26   27   28   29   30   31   -1 
0.35 0.35 0.35 0.35 0.35 0.35 0.35 0.35 0.35 0.35 0.35 0.35 0.35 0.35 0.35 0.35 0.35 0.35 0.35 0.35 0.35 0.35 0.35 0.35 0.35 0.35 0.35 0.35 0.35 0.35 0.45 0.35 
  -2   -3   -4   -5   -6   -7   -8   -9  -10  -11  -12  -13  -14  -15  -16  -17  -18  -19  -20  -21  -22  -23  -24  -25  -26  -27  -28  -29  -30  -31  -32 
0.35 0.35 0.35 0.35 0.35 0.35 0.35 0.35 0.35 0.35 0.35 0.35 0.35 0.35 0.35 0.35 0.35 0.35 0.35 0.35 0.35 0.35 0.35 0.35 0.35 0.35 0.35 0.35 0.35 0.35 0.35 

$founder_size
[1] 1

$target_time
[1] 15

$commitment_side
   [,1] [,2] 
1  "1"  "-3" 
2  "2"  "-6" 
3  "3"  "-8" 
4  "4"  "-12"
5  "5"  "-19"
6  "6"  "-22"
7  "7"  "-28"
8  "8"  "-31"
9  "9"  "-1" 
10 "10" "1"  
11 "11" "4"  
12 "12" "5"  
13 "13" "6"  
14 "14" "7"  
15 "15" "11" 
16 "16" "13" 
17 "17" "14" 
18 "18" "10" 
19 "19" "-11"
20 "20" "12" 
21 "21" "18" 
22 "22" "20" 
23 "23" "21" 
24 "24" "-18"
25 "25" "23" 
26 "26" "24" 
27 "27" "25" 
28 "28" "-17"
29 "29" "9"  
30 "30" "29" 
31 "31" "30" 

$edges
   in_node out_node length
1        1       -3   6.10
2        1       -4   6.10
3        2       -6   6.10
4        2       -7   6.10
5        3       -8   6.80
6        3       -9   6.80
7        4      -12   5.75
8        4      -13   5.75
9        5      -19   6.80
10       5      -20   6.80
11       6      -22   5.75
12       6      -23   5.75
13       7      -28   7.50
14       7      -29   7.50
15       8      -31   8.55
16       8      -32   8.55
17       9       -1   6.80
18       9       -2   6.80
19      10        1   1.05
20      10       -5   7.15
21      11        4   2.10
22      11      -14   7.85
23      12        5   0.70
24      12      -21   7.50
25      13        6   1.05
26      13      -24   6.80
27      14        7   0.70
28      14      -30   8.20
29      15       11   1.05
30      15      -15   8.90
31      16       13   0.70
32      16      -25   7.50
33      17       14   1.40
34      17        8   1.05
35      18       10   0.35
36      18        2   1.40
37      19      -11   9.60
38      19       15   0.70
39      20       12   2.10
40      20       16   2.10
41      21       18   1.40
42      21        3   2.10
43      22       20   0.70
44      22      -26  10.30
45      23       21   0.35
46      23      -10   9.25
47      24      -18  10.65
48      24       22   0.35
49      25       23   1.40
50      25       19   1.05
51      26       24   1.40
52      26      -27  12.05
53      27       25   0.70
54      27      -16  11.35
55      28      -17  12.40
56      28       26   0.35
57      29        9   4.90
58      29       27   0.35
59      30       29   1.05
60      30       28   0.35
61      31       30   0.90
62      31       17   4.05

$root_state_time
[1] 1.35

