$root_state
[1] "31"

$progenitor_states
 [1] "1"  "2"  "3"  "4"  "5"  "6"  "7"  "8"  "9"  "10" "11" "12" "13" "14" "15" "16" "17" "18" "19" "20" "21" "22" "23" "24" "25" "26" "27" "28" "29" "30" "31"

$terminal_states
 [1] "-1"  "-2"  "-3"  "-4"  "-5"  "-6"  "-7"  "-8"  "-9"  "-10" "-11" "-12" "-13" "-14" "-15" "-16" "-17" "-18" "-19" "-20" "-21" "-22" "-23" "-24" "-25" "-26"
[27] "-27" "-28" "-29" "-30" "-31" "-32"

$merge
   [,1] [,2]
1    -6   -7
2   -11  -12
3   -15  -16
4   -19  -20
5   -21  -22
6   -26  -27
7   -28  -29
8    -1   -2
9   -31  -32
10   -5    1
11    3  -17
12    5  -23
13  -25    6
14  -30    9
15  -14   11
16  -24   13
17   10   -8
18   15  -18
19   12   16
20   -4   17
21  -13   18
22   19    7
23   20   -9
24    2   21
25   23  -10
26   24    4
27   -3   25
28   26   22
29   27   28
30    8   29
31   30   14

$commitment_time
       1        2        3        4        5        6        7        8        9       10       11       12       13       14       15       16       17 
8.671623 5.289689 9.742616 7.862265 9.505119 9.670333 9.373673 3.526049 7.760950 7.950933 8.783146 8.431680 8.506986 2.850156 7.083868 7.720636 6.953986 
      18       19       20       21       22       23       24       25       26       27       28       29       30       31 
6.421458 7.216905 6.549735 5.395852 4.088249 5.907410 4.848219 5.449206 4.270618 4.410971 3.684254 3.033563 2.387032 1.863017 

$commitment_bias
        [,1]      [,2]
31 0.4527230 0.5472770
30 0.6415876 0.3584124
8  0.6212162 0.3787838
29 0.4612763 0.5387237
27 0.8100847 0.1899153
25 0.4298408 0.5701592
23 0.5372662 0.4627338
20 0.3161269 0.6838731
17 0.4648627 0.5351373
10 0.3160295 0.6839705
1  0.3583046 0.6416954
28 0.3700270 0.6299730
26 0.2618829 0.7381171
24 0.5070063 0.4929937
2  0.3262492 0.6737508
21 0.3050426 0.6949574
18 0.4648257 0.5351743
15 0.3952363 0.6047637
11 0.5842133 0.4157867
3  0.4890164 0.5109836
4  0.5990130 0.4009870
22 0.3866959 0.6133041
19 0.5331291 0.4668709
12 0.4389728 0.5610272
5  0.3766313 0.6233687
16 0.6778008 0.3221992
13 0.5295956 0.4704044
6  0.4604619 0.5395381
7  0.5929392 0.4070608
14 0.4282427 0.5717573
9  0.2946382 0.7053618

$`doubling time`
   1    2    3    4    5    6    7    8    9   10   11   12   13   14   15   16   17   18   19   20   21   22   23   24   25   26   27   28   29   30   31   -1 
0.35 0.35 0.35 0.35 0.35 0.35 0.35 0.35 0.35 0.35 0.35 0.35 0.35 0.35 0.35 0.35 0.35 0.35 0.35 0.35 0.35 0.35 0.35 0.35 0.35 0.35 0.35 0.35 0.35 0.35 0.45 0.35 
  -2   -3   -4   -5   -6   -7   -8   -9  -10  -11  -12  -13  -14  -15  -16  -17  -18  -19  -20  -21  -22  -23  -24  -25  -26  -27  -28  -29  -30  -31  -32 
0.35 0.35 0.35 0.35 0.35 0.35 0.35 0.35 0.35 0.35 0.35 0.35 0.35 0.35 0.35 0.35 0.35 0.35 0.35 0.35 0.35 0.35 0.35 0.35 0.35 0.35 0.35 0.35 0.35 0.35 0.35 

$founder_size
[1] 1

$target_time
[1] 15

$commitment_side
   [,1] [,2] 
1  "1"  "-6" 
2  "2"  "-11"
3  "3"  "-15"
4  "4"  "-19"
5  "5"  "-21"
6  "6"  "-26"
7  "7"  "-28"
8  "8"  "-1" 
9  "9"  "-31"
10 "10" "-5" 
11 "11" "3"  
12 "12" "5"  
13 "13" "-25"
14 "14" "-30"
15 "15" "-14"
16 "16" "-24"
17 "17" "10" 
18 "18" "15" 
19 "19" "12" 
20 "20" "-4" 
21 "21" "-13"
22 "22" "19" 
23 "23" "20" 
24 "24" "2"  
25 "25" "23" 
26 "26" "24" 
27 "27" "-3" 
28 "28" "26" 
29 "29" "27" 
30 "30" "8"  
31 "31" "30" 

$edges
   in_node out_node length
1        1       -6   6.80
2        1       -7   6.80
3        2      -11  10.30
4        2      -12  10.30
5        3      -15   5.75
6        3      -16   5.75
7        4      -19   7.50
8        4      -20   7.50
9        5      -21   6.10
10       5      -22   6.10
11       6      -26   5.75
12       6      -27   5.75
13       7      -28   6.10
14       7      -29   6.10
15       8       -1  12.05
16       8       -2  12.05
17       9      -31   7.85
18       9      -32   7.85
19      10       -5   7.50
20      10        1   0.70
21      11        3   1.05
22      11      -17   6.80
23      12        5   1.05
24      12      -23   7.15
25      13      -25   7.15
26      13        6   1.40
27      14      -30  12.75
28      14        9   4.90
29      15      -14   8.55
30      15       11   1.75
31      16      -24   7.85
32      16       13   0.70
33      17       10   1.05
34      17       -8   8.55
35      18       15   0.70
36      18      -18   9.25
37      19       12   1.05
38      19       16   0.35
39      20       -4   8.90
40      20       17   0.35
41      21      -13  10.30
42      21       18   1.05
43      22       19   3.15
44      22        7   5.25
45      23       20   0.70
46      23       -9   9.60
47      24        2   0.35
48      24       21   0.35
49      25       23   0.35
50      25      -10   9.95
51      26       24   0.70
52      26        4   3.85
53      27       -3  11.00
54      27       25   1.05
55      28       26   0.35
56      28       22   0.35
57      29       27   1.40
58      29       28   0.70
59      30        8   1.15
60      30       29   0.80
61      31       30   0.45
62      31       14   0.90

$root_state_time
[1] 1.35

