$root_state
[1] "31"

$progenitor_states
 [1] "1"  "2"  "3"  "4"  "5"  "6"  "7"  "8"  "9"  "10" "11" "12" "13" "14" "15" "16" "17" "18" "19" "20" "21" "22" "23" "24" "25" "26" "27" "28" "29" "30" "31"

$terminal_states
 [1] "-1"  "-2"  "-3"  "-4"  "-5"  "-6"  "-7"  "-8"  "-9"  "-10" "-11" "-12" "-13" "-14" "-15" "-16" "-17" "-18" "-19" "-20" "-21" "-22" "-23" "-24" "-25" "-26"
[27] "-27" "-28" "-29" "-30" "-31" "-32"

$merge
   [,1] [,2]
1    -8   -9
2   -10  -11
3   -13  -14
4   -15  -16
5    -1   -2
6   -20  -21
7   -22  -23
8   -24  -25
9   -26  -27
10  -28  -29
11  -30  -31
12   -5   -6
13    4  -17
14  -19    6
15   11  -32
16   -4   12
17   -7    1
18    3   13
19   10   15
20   16   17
21  -12   18
22    9   19
23   20    2
24   21  -18
25    8   22
26    7   25
27   14   26
28   24   27
29   23   28
30   -3   29
31    5   30

$commitment_time
       1        2        3        4        5        6        7        8        9       10       11       12       13       14       15       16       17 
9.220940 8.628804 8.468955 8.085968 8.245691 9.409720 9.099604 9.465460 6.589253 8.143618 9.729036 7.950509 7.484503 7.197894 7.305901 6.305799 8.705691 
      18       19       20       21       22       23       24       25       26       27       28       29       30       31 
6.684887 6.441685 5.030660 5.842655 5.637282 4.042894 4.893141 5.228845 4.470295 4.008228 3.519613 3.076013 2.564881 1.886851 

$commitment_bias
        [,1]      [,2]
31 0.6474800 0.3525200
5  0.7307660 0.2692340
30 0.6647462 0.3352538
29 0.3285376 0.6714624
23 0.5299610 0.4700390
20 0.2772182 0.7227818
16 0.1033034 0.8966966
12 0.4348467 0.5651533
17 0.4809052 0.5190948
1  0.3840419 0.6159581
2  0.3228813 0.6771187
28 0.7684714 0.2315286
24 0.5602617 0.4397383
21 0.3718192 0.6281808
18 0.2179987 0.7820013
3  0.6127413 0.3872587
13 0.5791731 0.4208269
4  0.6373842 0.3626158
27 0.6664913 0.3335087
14 0.5335075 0.4664925
6  0.5054962 0.4945038
26 0.3386779 0.6613221
7  0.6347412 0.3652588
25 0.4075178 0.5924822
8  0.5820587 0.4179413
22 0.5317781 0.4682219
9  0.3357539 0.6642461
19 0.2713215 0.7286785
10 0.6207677 0.3792323
15 0.8563523 0.1436477
11 0.6992589 0.3007411

$`doubling time`
   1    2    3    4    5    6    7    8    9   10   11   12   13   14   15   16   17   18   19   20   21   22   23   24   25   26   27   28   29   30   31   -1 
0.35 0.35 0.35 0.35 0.35 0.35 0.35 0.35 0.35 0.35 0.35 0.35 0.35 0.35 0.35 0.35 0.35 0.35 0.35 0.35 0.35 0.35 0.35 0.35 0.35 0.35 0.35 0.35 0.35 0.35 0.45 0.35 
  -2   -3   -4   -5   -6   -7   -8   -9  -10  -11  -12  -13  -14  -15  -16  -17  -18  -19  -20  -21  -22  -23  -24  -25  -26  -27  -28  -29  -30  -31  -32 
0.35 0.35 0.35 0.35 0.35 0.35 0.35 0.35 0.35 0.35 0.35 0.35 0.35 0.35 0.35 0.35 0.35 0.35 0.35 0.35 0.35 0.35 0.35 0.35 0.35 0.35 0.35 0.35 0.35 0.35 0.35 

$founder_size
[1] 1

$target_time
[1] 15

$commitment_side
   [,1] [,2] 
1  "1"  "-8" 
2  "2"  "-10"
3  "3"  "-13"
4  "4"  "-15"
5  "5"  "-1" 
6  "6"  "-20"
7  "7"  "-22"
8  "8"  "-24"
9  "9"  "-26"
10 "10" "-28"
11 "11" "-30"
12 "12" "-5" 
13 "13" "4"  
14 "14" "-19"
15 "15" "11" 
16 "16" "-4" 
17 "17" "-7" 
18 "18" "3"  
19 "19" "10" 
20 "20" "16" 
21 "21" "-12"
22 "22" "9"  
23 "23" "20" 
24 "24" "21" 
25 "25" "8"  
26 "26" "7"  
27 "27" "14" 
28 "28" "24" 
29 "29" "23" 
30 "30" "-3" 
31 "31" "5"  

$edges
   in_node out_node length
1        1       -8   6.45
2        1       -9   6.45
3        2      -10   6.80
4        2      -11   6.80
5        3      -13   7.15
6        3      -14   7.15
7        4      -15   7.50
8        4      -16   7.50
9        5       -1   7.15
10       5       -2   7.15
11       6      -20   6.10
12       6      -21   6.10
13       7      -22   6.45
14       7      -23   6.45
15       8      -24   6.10
16       8      -25   6.10
17       9      -26   8.90
18       9      -27   8.90
19      10      -28   7.50
20      10      -29   7.50
21      11      -30   5.75
22      11      -31   5.75
23      12       -5   7.50
24      12       -6   7.50
25      13        4   0.70
26      13      -17   8.20
27      14      -19   8.20
28      14        6   2.10
29      15       11   2.45
30      15      -32   8.20
31      16       -4   9.25
32      16       12   1.75
33      17       -7   6.80
34      17        1   0.35
35      18        3   1.75
36      18       13   0.70
37      19       10   1.75
38      19       15   1.05
39      20       16   1.40
40      20       17   3.85
41      21      -12   9.60
42      21       18   0.70
43      22        9   1.05
44      22       19   0.70
45      23       20   0.70
46      23        2   4.55
47      24       21   1.05
48      24      -18  10.65
49      25        8   4.20
50      25       22   0.35
51      26        7   4.55
52      26       25   0.70
53      27       14   3.15
54      27       26   0.35
55      28       24   1.40
56      28       27   0.70
57      29       23   1.05
58      29       28   0.35
59      30       -3  13.20
60      30       29   0.80
61      31        5   6.50
62      31       30   0.45

$root_state_time
[1] 1.35

