$root_state
[1] "31"

$progenitor_states
 [1] "1"  "2"  "3"  "4"  "5"  "6"  "7"  "8"  "9"  "10" "11" "12" "13" "14" "15" "16" "17" "18" "19" "20" "21" "22" "23" "24" "25" "26" "27" "28" "29" "30" "31"

$terminal_states
 [1] "-1"  "-2"  "-3"  "-4"  "-5"  "-6"  "-7"  "-8"  "-9"  "-10" "-11" "-12" "-13" "-14" "-15" "-16" "-17" "-18" "-19" "-20" "-21" "-22" "-23" "-24" "-25" "-26"
[27] "-27" "-28" "-29" "-30" "-31" "-32"

$merge
   [,1] [,2]
1    -8   -9
2   -12  -13
3   -15  -16
4   -17  -18
5   -21  -22
6   -25  -26
7   -29  -30
8   -31  -32
9    -4   -5
10   -6   -7
11  -11    2
12  -14    3
13    4  -19
14    5  -23
15  -28    7
16   10    1
17   14  -24
18   15    8
19   16  -10
20  -20   17
21  -27   18
22    9   19
23    6   21
24   -3   22
25   20   23
26   -2   24
27   13   25
28   12   27
29   11   28
30   26   29
31   -1   30

$commitment_time
       1        2        3        4        5        6        7        8        9       10       11       12       13       14       15       16       17 
8.926169 8.985559 6.226008 9.441041 8.196479 9.520858 9.661918 7.549513 8.761570 7.424111 8.303943 5.038327 5.964442 7.709307 9.029627 6.808737 6.131609 
      18       19       20       21       22       23       24       25       26       27       28       29       30       31 
6.961012 6.337283 5.529969 5.482082 4.820230 4.851003 3.872542 4.343841 3.460968 3.905056 3.397867 2.908443 2.476330 1.909580 

$commitment_bias
        [,1]      [,2]
31 0.1320595 0.8679405
30 0.5110041 0.4889959
26 0.4775643 0.5224357
24 0.3357764 0.6642236
22 0.5544692 0.4455308
9  0.4347907 0.5652093
19 0.2766751 0.7233249
16 0.6158504 0.3841496
10 0.6668152 0.3331848
1  0.6059426 0.3940574
29 0.4697794 0.5302206
11 0.3846523 0.6153477
2  0.5799686 0.4200314
28 0.5845108 0.4154892
12 0.5449998 0.4550002
3  0.4797586 0.5202414
27 0.3262299 0.6737701
13 0.6285887 0.3714113
4  0.3982034 0.6017966
25 0.6124685 0.3875315
20 0.3623922 0.6376078
17 0.5064154 0.4935846
14 0.7762405 0.2237595
5  0.4396649 0.5603351
23 0.2924587 0.7075413
6  0.3759189 0.6240811
21 0.5910374 0.4089626
18 0.5264677 0.4735323
15 0.4236092 0.5763908
7  0.6897160 0.3102840
8  0.5927022 0.4072978

$`doubling time`
   1    2    3    4    5    6    7    8    9   10   11   12   13   14   15   16   17   18   19   20   21   22   23   24   25   26   27   28   29   30   31   -1 
0.35 0.35 0.35 0.35 0.35 0.35 0.35 0.35 0.35 0.35 0.35 0.35 0.35 0.35 0.35 0.35 0.35 0.35 0.35 0.35 0.35 0.35 0.35 0.35 0.35 0.35 0.35 0.35 0.35 0.35 0.45 0.35 
  -2   -3   -4   -5   -6   -7   -8   -9  -10  -11  -12  -13  -14  -15  -16  -17  -18  -19  -20  -21  -22  -23  -24  -25  -26  -27  -28  -29  -30  -31  -32 
0.35 0.35 0.35 0.35 0.35 0.35 0.35 0.35 0.35 0.35 0.35 0.35 0.35 0.35 0.35 0.35 0.35 0.35 0.35 0.35 0.35 0.35 0.35 0.35 0.35 0.35 0.35 0.35 0.35 0.35 0.35 

$founder_size
[1] 1

$target_time
[1] 15

$commitment_side
   [,1] [,2] 
1  "1"  "-8" 
2  "2"  "-12"
3  "3"  "-15"
4  "4"  "-17"
5  "5"  "-21"
6  "6"  "-25"
7  "7"  "-29"
8  "8"  "-31"
9  "9"  "-4" 
10 "10" "-6" 
11 "11" "-11"
12 "12" "-14"
13 "13" "4"  
14 "14" "5"  
15 "15" "-28"
16 "16" "10" 
17 "17" "14" 
18 "18" "15" 
19 "19" "16" 
20 "20" "-20"
21 "21" "-27"
22 "22" "9"  
23 "23" "6"  
24 "24" "-3" 
25 "25" "20" 
26 "26" "-2" 
27 "27" "13" 
28 "28" "12" 
29 "29" "11" 
30 "30" "26" 
31 "31" "-1" 

$edges
   in_node out_node length
1        1       -8   6.45
2        1       -9   6.45
3        2      -12   6.45
4        2      -13   6.45
5        3      -15   9.25
6        3      -16   9.25
7        4      -17   6.10
8        4      -18   6.10
9        5      -21   7.50
10       5      -22   7.50
11       6      -25   6.10
12       6      -26   6.10
13       7      -29   5.75
14       7      -30   5.75
15       8      -31   7.85
16       8      -32   7.85
17       9       -4   6.80
18       9       -5   6.80
19      10       -6   8.20
20      10       -7   8.20
21      11      -11   7.15
22      11        2   0.70
23      12      -14  10.65
24      12        3   1.40
25      13        4   3.50
26      13      -19   9.60
27      14        5   0.35
28      14      -23   7.85
29      15      -28   6.45
30      15        7   0.70
31      16       10   0.35
32      16        1   2.10
33      17       14   1.40
34      17      -24   9.25
35      18       15   2.10
36      18        8   0.70
37      19       16   0.70
38      19      -10   9.25
39      20      -20   9.95
40      20       17   0.70
41      21      -27   9.95
42      21       18   1.40
43      22        9   3.85
44      22       19   1.40
45      23        6   4.55
46      23       21   0.70
47      24       -3  11.70
48      24       22   1.05
49      25       20   1.40
50      25       23   0.70
51      26       -2  12.05
52      26       24   0.35
53      27       13   2.10
54      27       25   0.35
55      28       12   1.40
56      28       27   0.35
57      29       11   5.60
58      29       28   0.70
59      30       26   1.15
60      30       29   0.45
61      31       -1  13.65
62      31       30   0.45

$root_state_time
[1] 1.35

