$root_state
[1] "31"

$progenitor_states
 [1] "1"  "2"  "3"  "4"  "5"  "6"  "7"  "8"  "9"  "10" "11" "12" "13" "14" "15" "16" "17" "18" "19" "20" "21" "22" "23" "24" "25" "26" "27" "28" "29" "30" "31"

$terminal_states
 [1] "-1"  "-2"  "-3"  "-4"  "-5"  "-6"  "-7"  "-8"  "-9"  "-10" "-11" "-12" "-13" "-14" "-15" "-16" "-17" "-18" "-19" "-20" "-21" "-22" "-23" "-24" "-25" "-26"
[27] "-27" "-28" "-29" "-30" "-31" "-32"

$merge
   [,1] [,2]
1    -6   -7
2    -9  -10
3   -13  -14
4   -15  -16
5   -21  -22
6   -26  -27
7   -29  -30
8    -3   -4
9     2  -11
10  -12    3
11  -20    5
12    6  -28
13    7  -31
14   -5    1
15    9   10
16   11  -23
17   12   13
18   14   -8
19   16  -24
20    8   18
21  -19   19
22   -2   20
23   21  -25
24   22   15
25  -18   23
26   25   17
27  -17   26
28    4   27
29   24   28
30   29  -32
31   -1   30

$commitment_time
       1        2        3        4        5        6        7        8        9       10       11       12       13       14       15       16       17 
8.753183 8.138977 7.944596 8.201704 9.686502 7.380041 8.028376 4.739471 6.262719 5.693206 9.206954 6.971702 7.500818 8.353973 5.299222 8.782637 5.740360 
      18       19       20       21       22       23       24       25       26       27       28       29       30       31 
6.919804 6.762172 4.272437 6.355276 3.775774 5.778941 3.352120 5.209484 4.804104 4.352154 3.295124 2.821596 2.368042 1.864677 

$commitment_bias
        [,1]      [,2]
31 0.5553463 0.4446537
30 0.3531250 0.6468750
29 0.6683289 0.3316711
24 0.3294033 0.6705967
22 0.7650601 0.2349399
20 0.6682338 0.3317662
8  0.3344798 0.6655202
18 0.3004047 0.6995953
14 0.4774696 0.5225304
1  0.6428092 0.3571908
15 0.3724000 0.6276000
9  0.8529032 0.1470968
2  0.6212305 0.3787695
10 0.4123773 0.5876227
3  0.4140051 0.5859949
28 0.3658414 0.6341586
4  0.4131504 0.5868496
27 0.2661409 0.7338591
26 0.2424822 0.7575178
25 0.5791942 0.4208058
23 0.4946673 0.5053327
21 0.5529276 0.4470724
19 0.6343955 0.3656045
16 0.6624282 0.3375718
11 0.6248247 0.3751753
5  0.6230664 0.3769336
17 0.5929192 0.4070808
12 0.2948191 0.7051809
6  0.8146266 0.1853734
13 0.5661450 0.4338550
7  0.5398115 0.4601885

$`doubling time`
   1    2    3    4    5    6    7    8    9   10   11   12   13   14   15   16   17   18   19   20   21   22   23   24   25   26   27   28   29   30   31   -1 
0.35 0.35 0.35 0.35 0.35 0.35 0.35 0.35 0.35 0.35 0.35 0.35 0.35 0.35 0.35 0.35 0.35 0.35 0.35 0.35 0.35 0.35 0.35 0.35 0.35 0.35 0.35 0.35 0.35 0.35 0.45 0.35 
  -2   -3   -4   -5   -6   -7   -8   -9  -10  -11  -12  -13  -14  -15  -16  -17  -18  -19  -20  -21  -22  -23  -24  -25  -26  -27  -28  -29  -30  -31  -32 
0.35 0.35 0.35 0.35 0.35 0.35 0.35 0.35 0.35 0.35 0.35 0.35 0.35 0.35 0.35 0.35 0.35 0.35 0.35 0.35 0.35 0.35 0.35 0.35 0.35 0.35 0.35 0.35 0.35 0.35 0.35 

$founder_size
[1] 1

$target_time
[1] 15

$commitment_side
   [,1] [,2] 
1  "1"  "-6" 
2  "2"  "-9" 
3  "3"  "-13"
4  "4"  "-15"
5  "5"  "-21"
6  "6"  "-26"
7  "7"  "-29"
8  "8"  "-3" 
9  "9"  "2"  
10 "10" "-12"
11 "11" "-20"
12 "12" "6"  
13 "13" "7"  
14 "14" "-5" 
15 "15" "9"  
16 "16" "11" 
17 "17" "12" 
18 "18" "14" 
19 "19" "16" 
20 "20" "8"  
21 "21" "-19"
22 "22" "-2" 
23 "23" "21" 
24 "24" "22" 
25 "25" "-18"
26 "26" "25" 
27 "27" "-17"
28 "28" "4"  
29 "29" "24" 
30 "30" "29" 
31 "31" "-1" 

$edges
   in_node out_node length
1        1       -6   6.80
2        1       -7   6.80
3        2       -9   7.50
4        2      -10   7.50
5        3      -13   7.50
6        3      -14   7.50
7        4      -15   7.15
8        4      -16   7.15
9        5      -21   5.75
10       5      -22   5.75
11       6      -26   8.20
12       6      -27   8.20
13       7      -29   7.50
14       7      -30   7.50
15       8       -3  10.65
16       8       -4  10.65
17       9        2   1.75
18       9      -11   9.25
19      10      -12   9.95
20      10        3   2.45
21      11      -20   6.45
22      11        5   0.70
23      12        6   0.35
24      12      -28   8.55
25      13        7   0.35
26      13      -31   7.85
27      14       -5   7.15
28      14        1   0.35
29      15        9   1.05
30      15       10   0.35
31      16       11   0.35
32      16      -23   6.80
33      17       12   1.40
34      17       13   2.10
35      18       14   1.40
36      18       -8   8.55
37      19       16   2.10
38      19      -24   8.90
39      20        8   0.70
40      20       18   2.80
41      21      -19   9.25
42      21       19   0.35
43      22       -2  11.70
44      22       20   0.35
45      23       21   0.35
46      23      -25   9.60
47      24       22   0.35
48      24       15   1.75
49      25      -18  10.30
50      25       23   0.70
51      26       25   0.35
52      26       17   0.70
53      27      -17  11.00
54      27       26   0.35
55      28        4   5.25
56      28       27   1.40
57      29       24   0.70
58      29       28   0.35
59      30       29   0.45
60      30      -32  13.20
61      31       -1  13.65
62      31       30   0.45

$root_state_time
[1] 1.35

