$root_state
[1] "31"

$progenitor_states
 [1] "1"  "2"  "3"  "4"  "5"  "6"  "7"  "8"  "9"  "10" "11" "12" "13" "14" "15" "16" "17" "18" "19" "20" "21" "22" "23" "24" "25" "26" "27" "28" "29" "30" "31"

$terminal_states
 [1] "-1"  "-2"  "-3"  "-4"  "-5"  "-6"  "-7"  "-8"  "-9"  "-10" "-11" "-12" "-13" "-14" "-15" "-16" "-17" "-18" "-19" "-20" "-21" "-22" "-23" "-24" "-25" "-26"
[27] "-27" "-28" "-29" "-30" "-31" "-32"

$merge
   [,1] [,2]
1    -5   -6
2    -7   -8
3   -11  -12
4   -13  -14
5    -1   -2
6   -16  -17
7   -19  -20
8   -22  -23
9   -26  -27
10  -29  -30
11   -3   -4
12    2   -9
13  -10    3
14    4  -15
15  -18    7
16  -25    9
17   10  -31
18    1   12
19   13   14
20    6   15
21   17  -32
22   18   19
23  -28   21
24   16   23
25   22   20
26   25  -21
27   11   26
28   27    8
29   28  -24
30   29   24
31    5   30

$commitment_time
       1        2        3        4        5        6        7        8        9       10       11       12       13       14       15       16       17 
9.588382 8.155273 9.694302 8.075250 6.411941 8.993161 8.658504 6.762064 8.823299 8.948325 6.478160 7.448294 9.082469 7.632095 5.682607 8.219033 7.303733 
      18       19       20       21       22       23       24       25       26       27       28       29       30       31 
6.679308 6.900718 5.108134 6.543269 5.817653 5.920232 5.198309 4.695731 4.193714 3.757906 3.311386 2.832659 2.415316 1.832768 

$commitment_bias
        [,1]      [,2]
31 0.5207220 0.4792780
5  0.6199248 0.3800752
30 0.4384481 0.5615519
29 0.6790526 0.3209474
28 0.6115464 0.3884536
27 0.5667058 0.4332942
11 0.3980729 0.6019271
26 0.6246751 0.3753249
25 0.6013871 0.3986129
22 0.5313376 0.4686624
18 0.4868360 0.5131640
1  0.3006766 0.6993234
12 0.3966354 0.6033646
2  0.3891298 0.6108702
19 0.5329397 0.4670603
13 0.2762704 0.7237296
3  0.5201460 0.4798540
14 0.8053056 0.1946944
4  0.4933229 0.5066771
20 0.4455250 0.5544750
6  0.6255135 0.3744865
15 0.3759590 0.6240410
7  0.4054473 0.5945527
8  0.5433655 0.4566345
24 0.5322836 0.4677164
16 0.3959342 0.6040658
9  0.5309411 0.4690589
23 0.7475432 0.2524568
21 0.6185993 0.3814007
17 0.3973366 0.6026634
10 0.5374324 0.4625676

$`doubling time`
   1    2    3    4    5    6    7    8    9   10   11   12   13   14   15   16   17   18   19   20   21   22   23   24   25   26   27   28   29   30   31   -1 
0.35 0.35 0.35 0.35 0.35 0.35 0.35 0.35 0.35 0.35 0.35 0.35 0.35 0.35 0.35 0.35 0.35 0.35 0.35 0.35 0.35 0.35 0.35 0.35 0.35 0.35 0.35 0.35 0.35 0.35 0.45 0.35 
  -2   -3   -4   -5   -6   -7   -8   -9  -10  -11  -12  -13  -14  -15  -16  -17  -18  -19  -20  -21  -22  -23  -24  -25  -26  -27  -28  -29  -30  -31  -32 
0.35 0.35 0.35 0.35 0.35 0.35 0.35 0.35 0.35 0.35 0.35 0.35 0.35 0.35 0.35 0.35 0.35 0.35 0.35 0.35 0.35 0.35 0.35 0.35 0.35 0.35 0.35 0.35 0.35 0.35 0.35 

$founder_size
[1] 1

$target_time
[1] 15

$commitment_side
   [,1] [,2] 
1  "1"  "-5" 
2  "2"  "-7" 
3  "3"  "-11"
4  "4"  "-13"
5  "5"  "-1" 
6  "6"  "-16"
7  "7"  "-19"
8  "8"  "-22"
9  "9"  "-26"
10 "10" "-29"
11 "11" "-3" 
12 "12" "2"  
13 "13" "-10"
14 "14" "4"  
15 "15" "-18"
16 "16" "-25"
17 "17" "10" 
18 "18" "1"  
19 "19" "13" 
20 "20" "6"  
21 "21" "17" 
22 "22" "18" 
23 "23" "-28"
24 "24" "16" 
25 "25" "22" 
26 "26" "25" 
27 "27" "11" 
28 "28" "27" 
29 "29" "28" 
30 "30" "29" 
31 "31" "5"  

$edges
   in_node out_node length
1        1       -5   6.10
2        1       -6   6.10
3        2       -7   7.50
4        2       -8   7.50
5        3      -11   5.75
6        3      -12   5.75
7        4      -13   7.50
8        4      -14   7.50
9        5       -1   9.25
10       5       -2   9.25
11       6      -16   6.45
12       6      -17   6.45
13       7      -19   6.80
14       7      -20   6.80
15       8      -22   8.90
16       8      -23   8.90
17       9      -26   6.80
18       9      -27   6.80
19      10      -29   6.45
20      10      -30   6.45
21      11       -3   8.90
22      11       -4   8.90
23      12        2   0.70
24      12       -9   8.20
25      13      -10   6.45
26      13        3   0.70
27      14        4   0.35
28      14      -15   7.85
29      15      -18   9.95
30      15        7   3.15
31      16      -25   7.15
32      16        9   0.35
33      17       10   1.75
34      17      -31   8.20
35      18        1   2.80
36      18       12   0.70
37      19       13   2.10
38      19       14   0.70
39      20        6   3.85
40      20       15   0.35
41      21       17   0.70
42      21      -32   8.90
43      22       18   0.70
44      22       19   1.05
45      23      -28   9.60
46      23       21   0.70
47      24       16   3.15
48      24       23   0.70
49      25       22   1.40
50      25       20   0.70
51      26       25   0.35
52      26      -21  11.35
53      27       11   2.80
54      27       26   0.35
55      28       27   0.35
56      28        8   3.15
57      29       28   0.70
58      29      -24  12.75
59      30       29   0.45
60      30       24   2.90
61      31        5   4.40
62      31       30   0.45

$root_state_time
[1] 1.35

