$root_state
[1] "31"

$progenitor_states
 [1] "1"  "2"  "3"  "4"  "5"  "6"  "7"  "8"  "9"  "10" "11" "12" "13" "14" "15" "16" "17" "18" "19" "20" "21" "22" "23" "24" "25" "26" "27" "28" "29" "30" "31"

$terminal_states
 [1] "-1"  "-2"  "-3"  "-4"  "-5"  "-6"  "-7"  "-8"  "-9"  "-10" "-11" "-12" "-13" "-14" "-15" "-16" "-17" "-18" "-19" "-20" "-21" "-22" "-23" "-24" "-25" "-26"
[27] "-27" "-28" "-29" "-30" "-31" "-32"

$merge
   [,1] [,2]
1    -7   -8
2   -11  -12
3   -15  -16
4   -18  -19
5   -21  -22
6   -23  -24
7   -25  -26
8   -27  -28
9    -2   -3
10  -31  -32
11  -10    2
12   -1    9
13    4  -20
14    6    7
15    8  -29
16  -30   10
17   -6    1
18  -17   13
19   17   -9
20    3   18
21   19   11
22  -14   20
23   -5   21
24   22    5
25   24   14
26   25   15
27  -13   26
28   27   16
29   23   28
30   -4   29
31   12   30

$commitment_time
       1        2        3        4        5        6        7        8        9       10       11       12       13       14       15       16       17 
9.603079 9.677967 9.504043 9.401781 8.855478 8.791458 9.466227 6.023068 8.683776 8.066719 7.133126 5.594904 8.974042 8.172903 5.649947 4.310482 7.010548 
      18       19       20       21       22       23       24       25       26       27       28       29       30       31 
8.223702 6.552788 7.673386 6.091481 7.217008 4.441428 5.445062 4.913334 4.384503 3.862447 3.327453 2.908155 2.434594 1.946227 

$commitment_bias
        [,1]      [,2]
31 0.3803511 0.6196489
12 0.2018641 0.7981359
9  0.5527563 0.4472437
30 0.5479829 0.4520171
29 0.5544978 0.4455022
23 0.5228557 0.4771443
21 0.6755851 0.3244149
19 0.6804418 0.3195582
17 0.3221548 0.6778452
1  0.3044661 0.6955339
11 0.4859707 0.5140293
2  0.7272514 0.2727486
28 0.7939861 0.2060139
27 0.4316694 0.5683306
26 0.5465560 0.4534440
25 0.3678761 0.6321239
24 0.5387848 0.4612152
22 0.4409149 0.5590851
20 0.3016125 0.6983875
3  0.4255249 0.5744751
18 0.6283197 0.3716803
13 0.3721622 0.6278378
4  0.5893599 0.4106401
5  0.6005735 0.3994265
14 0.5784496 0.4215504
6  0.7901701 0.2098299
7  0.5360116 0.4639884
15 0.5571726 0.4428274
8  0.7088193 0.2911807
16 0.4880319 0.5119681
10 0.5052296 0.4947704

$`doubling time`
   1    2    3    4    5    6    7    8    9   10   11   12   13   14   15   16   17   18   19   20   21   22   23   24   25   26   27   28   29   30   31   -1 
0.35 0.35 0.35 0.35 0.35 0.35 0.35 0.35 0.35 0.35 0.35 0.35 0.35 0.35 0.35 0.35 0.35 0.35 0.35 0.35 0.35 0.35 0.35 0.35 0.35 0.35 0.35 0.35 0.35 0.35 0.45 0.35 
  -2   -3   -4   -5   -6   -7   -8   -9  -10  -11  -12  -13  -14  -15  -16  -17  -18  -19  -20  -21  -22  -23  -24  -25  -26  -27  -28  -29  -30  -31  -32 
0.35 0.35 0.35 0.35 0.35 0.35 0.35 0.35 0.35 0.35 0.35 0.35 0.35 0.35 0.35 0.35 0.35 0.35 0.35 0.35 0.35 0.35 0.35 0.35 0.35 0.35 0.35 0.35 0.35 0.35 0.35 

$founder_size
[1] 1

$target_time
[1] 15

$commitment_side
   [,1] [,2] 
1  "1"  "-7" 
2  "2"  "-11"
3  "3"  "-15"
4  "4"  "-18"
5  "5"  "-21"
6  "6"  "-23"
7  "7"  "-25"
8  "8"  "-27"
9  "9"  "-2" 
10 "10" "-31"
11 "11" "-10"
12 "12" "-1" 
13 "13" "4"  
14 "14" "6"  
15 "15" "8"  
16 "16" "-30"
17 "17" "-6" 
18 "18" "-17"
19 "19" "17" 
20 "20" "3"  
21 "21" "19" 
22 "22" "-14"
23 "23" "-5" 
24 "24" "22" 
25 "25" "24" 
26 "26" "25" 
27 "27" "-13"
28 "28" "27" 
29 "29" "23" 
30 "30" "-4" 
31 "31" "12" 

$edges
   in_node out_node length
1        1       -7   5.75
2        1       -8   5.75
3        2      -11   5.75
4        2      -12   5.75
5        3      -15   6.10
6        3      -16   6.10
7        4      -18   6.10
8        4      -19   6.10
9        5      -21   6.80
10       5      -22   6.80
11       6      -23   6.80
12       6      -24   6.80
13       7      -25   6.10
14       7      -26   6.10
15       8      -27   9.60
16       8      -28   9.60
17       9       -2   6.80
18       9       -3   6.80
19      10      -31   7.50
20      10      -32   7.50
21      11      -10   8.55
22      11        2   2.80
23      12       -1   9.95
24      12        9   3.15
25      13        4   0.35
26      13      -20   6.45
27      14        6   0.70
28      14        7   1.40
29      15        8   0.35
30      15      -29   9.95
31      16      -30  11.35
32      16       10   3.85
33      17       -6   8.55
34      17        1   2.80
35      18      -17   7.15
36      18       13   0.70
37      19       17   0.35
38      19       -9   8.90
39      20        3   1.75
40      20       18   0.70
41      21       19   0.70
42      21       11   1.05
43      22      -14   8.20
44      22       20   0.35
45      23       -5  11.00
46      23       21   1.40
47      24       22   1.75
48      24        5   3.15
49      25       24   0.70
50      25       14   3.15
51      26       25   0.35
52      26       15   1.05
53      27      -13  11.70
54      27       26   0.70
55      28       27   0.35
56      28       16   0.70
57      29       23   1.75
58      29       28   0.70
59      30       -4  13.20
60      30       29   0.45
61      31       12   3.70
62      31       30   0.45

$root_state_time
[1] 1.35

