$root_state
[1] "31"

$progenitor_states
 [1] "1"  "2"  "3"  "4"  "5"  "6"  "7"  "8"  "9"  "10" "11" "12" "13" "14" "15" "16" "17" "18" "19" "20" "21" "22" "23" "24" "25" "26" "27" "28" "29" "30" "31"

$terminal_states
 [1] "-1"  "-2"  "-3"  "-4"  "-5"  "-6"  "-7"  "-8"  "-9"  "-10" "-11" "-12" "-13" "-14" "-15" "-16" "-17" "-18" "-19" "-20" "-21" "-22" "-23" "-24" "-25" "-26"
[27] "-27" "-28" "-29" "-30" "-31" "-32"

$merge
   [,1] [,2]
1    -5   -6
2    -7   -8
3   -11  -12
4   -13  -14
5   -17  -18
6   -19  -20
7   -21  -22
8   -23  -24
9   -28  -29
10  -31  -32
11   -2   -3
12    2   -9
13  -10    3
14    4  -15
15  -16    5
16    8  -25
17  -27    9
18  -30   10
19    1   12
20   14   15
21  -26   17
22   13   20
23   21   18
24   19   22
25   24    6
26   -4   25
27   11   26
28   27    7
29   28   16
30   29   23
31   -1   30

$commitment_time
       1        2        3        4        5        6        7        8        9       10       11       12       13       14       15       16       17 
8.144719 9.494914 8.668678 9.651984 8.839569 6.764399 4.805761 7.430326 8.889922 8.722221 8.068912 8.033194 7.546857 9.020908 6.597413 6.933865 8.016406 
      18       19       20       21       22       23       24       25       26       27       28       29       30       31 
8.229867 7.501847 6.137229 7.604982 5.704399 6.720590 5.278116 4.881452 4.359788 3.882371 3.370402 2.909373 2.476490 1.971694 

$commitment_bias
        [,1]      [,2]
31 0.3940202 0.6059798
30 0.4606911 0.5393089
29 0.4354706 0.5645294
28 0.5104159 0.4895841
27 0.2896676 0.7103324
11 0.7534823 0.2465177
26 0.8876035 0.1123965
25 0.3915115 0.6084885
24 0.4804262 0.5195738
19 0.7845632 0.2154368
1  0.4548876 0.5451124
12 0.7448923 0.2551077
2  0.6576572 0.3423428
22 0.4942059 0.5057941
13 0.4388242 0.5611758
3  0.3884259 0.6115741
20 0.4457205 0.5542795
14 0.3280191 0.6719809
4  0.4272982 0.5727018
15 0.5382109 0.4617891
5  0.4779406 0.5220594
6  0.6449289 0.3550711
7  0.4222227 0.5777773
16 0.7813196 0.2186804
8  0.8279965 0.1720035
23 0.6142072 0.3857928
21 0.5041322 0.4958678
17 0.5145466 0.4854534
9  0.3819284 0.6180716
18 0.5333308 0.4666692
10 0.2019011 0.7980989

$`doubling time`
   1    2    3    4    5    6    7    8    9   10   11   12   13   14   15   16   17   18   19   20   21   22   23   24   25   26   27   28   29   30   31   -1 
0.35 0.35 0.35 0.35 0.35 0.35 0.35 0.35 0.35 0.35 0.35 0.35 0.35 0.35 0.35 0.35 0.35 0.35 0.35 0.35 0.35 0.35 0.35 0.35 0.35 0.35 0.35 0.35 0.35 0.35 0.45 0.35 
  -2   -3   -4   -5   -6   -7   -8   -9  -10  -11  -12  -13  -14  -15  -16  -17  -18  -19  -20  -21  -22  -23  -24  -25  -26  -27  -28  -29  -30  -31  -32 
0.35 0.35 0.35 0.35 0.35 0.35 0.35 0.35 0.35 0.35 0.35 0.35 0.35 0.35 0.35 0.35 0.35 0.35 0.35 0.35 0.35 0.35 0.35 0.35 0.35 0.35 0.35 0.35 0.35 0.35 0.35 

$founder_size
[1] 1

$target_time
[1] 15

$commitment_side
   [,1] [,2] 
1  "1"  "-5" 
2  "2"  "-7" 
3  "3"  "-11"
4  "4"  "-13"
5  "5"  "-17"
6  "6"  "-19"
7  "7"  "-21"
8  "8"  "-23"
9  "9"  "-28"
10 "10" "-31"
11 "11" "-2" 
12 "12" "2"  
13 "13" "-10"
14 "14" "4"  
15 "15" "-16"
16 "16" "8"  
17 "17" "-27"
18 "18" "-30"
19 "19" "1"  
20 "20" "14" 
21 "21" "-26"
22 "22" "13" 
23 "23" "21" 
24 "24" "19" 
25 "25" "24" 
26 "26" "-4" 
27 "27" "11" 
28 "28" "27" 
29 "29" "28" 
30 "30" "29" 
31 "31" "-1" 

$edges
   in_node out_node length
1        1       -5   7.50
2        1       -6   7.50
3        2       -7   6.10
4        2       -8   6.10
5        3      -11   6.80
6        3      -12   6.80
7        4      -13   5.75
8        4      -14   5.75
9        5      -17   6.80
10       5      -18   6.80
11       6      -19   8.90
12       6      -20   8.90
13       7      -21  10.65
14       7      -22  10.65
15       8      -23   8.20
16       8      -24   8.20
17       9      -28   6.80
18       9      -29   6.80
19      10      -31   6.80
20      10      -32   6.80
21      11       -2   7.50
22      11       -3   7.50
23      12        2   1.40
24      12       -9   7.50
25      13      -10   7.85
26      13        3   1.05
27      14        4   0.70
28      14      -15   6.45
29      15      -16   8.90
30      15        5   2.10
31      16        8   0.35
32      16      -25   8.55
33      17      -27   7.50
34      17        9   0.70
35      18      -30   7.15
36      18       10   0.35
37      19        1   0.35
38      19       12   0.35
39      20       14   2.80
40      20       15   0.35
41      21      -26   7.85
42      21       17   0.35
43      22       13   2.10
44      22       20   0.70
45      23       21   1.05
46      23       18   1.75
47      24       19   2.45
48      24       22   0.35
49      25       24   0.35
50      25        6   1.75
51      26       -4  11.00
52      26       25   0.35
53      27       11   4.20
54      27       26   0.70
55      28       27   0.35
56      28        7   1.40
57      29       28   0.70
58      29       16   4.20
59      30       29   0.45
60      30       23   4.30
61      31       -1  13.65
62      31       30   0.45

$root_state_time
[1] 1.35

