$root_state
[1] "31"

$progenitor_states
 [1] "1"  "2"  "3"  "4"  "5"  "6"  "7"  "8"  "9"  "10" "11" "12" "13" "14" "15" "16" "17" "18" "19" "20" "21" "22" "23" "24" "25" "26" "27" "28" "29" "30" "31"

$terminal_states
 [1] "-1"  "-2"  "-3"  "-4"  "-5"  "-6"  "-7"  "-8"  "-9"  "-10" "-11" "-12" "-13" "-14" "-15" "-16" "-17" "-18" "-19" "-20" "-21" "-22" "-23" "-24" "-25" "-26"
[27] "-27" "-28" "-29" "-30" "-31" "-32"

$merge
   [,1] [,2]
1    -9  -10
2   -12  -13
3   -15  -16
4    -1   -2
5   -17  -18
6   -22  -23
7   -25  -26
8   -27  -28
9   -29  -30
10   -4   -5
11    1  -11
12    5  -19
13    6  -24
14    9  -31
15   -3   10
16   12  -20
17   13    7
18    8   14
19   15   -6
20   16  -21
21   17   18
22   19   -7
23    3   20
24  -14   23
25    2   24
26   25   21
27   11   26
28   -8   27
29   22   28
30   29  -32
31    4   30

$commitment_time
       1        2        3        4        5        6        7        8        9       10       11       12       13       14       15       16       17 
8.268547 9.163361 7.975966 6.822888 9.732238 9.099900 8.072585 8.425744 6.617646 7.398954 4.058047 9.263528 8.167772 5.531040 6.681306 8.545217 6.041890 
      18       19       20       21       22       23       24       25       26       27       28       29       30       31 
5.115169 6.124902 7.542295 4.631206 5.616588 6.940197 6.169686 4.528769 4.102711 3.660057 3.225773 2.818607 2.428214 1.901062 

$commitment_bias
        [,1]      [,2]
31 0.7540433 0.2459567
4  0.5104606 0.4895394
30 0.4269835 0.5730165
29 0.6187344 0.3812656
22 0.5792307 0.4207693
19 0.4855814 0.5144186
15 0.3603821 0.6396179
10 0.4532228 0.5467772
28 0.2906523 0.7093477
27 0.6560981 0.3439019
11 0.7969899 0.2030101
1  0.6764356 0.3235644
26 0.6243773 0.3756227
25 0.4683726 0.5316274
2  0.6501039 0.3498961
24 0.7894238 0.2105762
23 0.6094753 0.3905247
3  0.3389771 0.6610229
20 0.4865661 0.5134339
16 0.6201373 0.3798627
12 0.6553059 0.3446941
5  0.4656152 0.5343848
21 0.4715498 0.5284502
17 0.6542000 0.3458000
13 0.5482026 0.4517974
6  0.5257697 0.4742303
7  0.3496563 0.6503437
18 0.1424969 0.8575031
8  0.7078614 0.2921386
14 0.5645190 0.4354810
9  0.2146270 0.7853730

$`doubling time`
   1    2    3    4    5    6    7    8    9   10   11   12   13   14   15   16   17   18   19   20   21   22   23   24   25   26   27   28   29   30   31   -1 
0.35 0.35 0.35 0.35 0.35 0.35 0.35 0.35 0.35 0.35 0.35 0.35 0.35 0.35 0.35 0.35 0.35 0.35 0.35 0.35 0.35 0.35 0.35 0.35 0.35 0.35 0.35 0.35 0.35 0.35 0.45 0.35 
  -2   -3   -4   -5   -6   -7   -8   -9  -10  -11  -12  -13  -14  -15  -16  -17  -18  -19  -20  -21  -22  -23  -24  -25  -26  -27  -28  -29  -30  -31  -32 
0.35 0.35 0.35 0.35 0.35 0.35 0.35 0.35 0.35 0.35 0.35 0.35 0.35 0.35 0.35 0.35 0.35 0.35 0.35 0.35 0.35 0.35 0.35 0.35 0.35 0.35 0.35 0.35 0.35 0.35 0.35 

$founder_size
[1] 1

$target_time
[1] 15

$commitment_side
   [,1] [,2] 
1  "1"  "-9" 
2  "2"  "-12"
3  "3"  "-15"
4  "4"  "-1" 
5  "5"  "-17"
6  "6"  "-22"
7  "7"  "-25"
8  "8"  "-27"
9  "9"  "-29"
10 "10" "-4" 
11 "11" "1"  
12 "12" "5"  
13 "13" "6"  
14 "14" "9"  
15 "15" "-3" 
16 "16" "12" 
17 "17" "13" 
18 "18" "8"  
19 "19" "15" 
20 "20" "16" 
21 "21" "17" 
22 "22" "19" 
23 "23" "3"  
24 "24" "-14"
25 "25" "2"  
26 "26" "25" 
27 "27" "11" 
28 "28" "-8" 
29 "29" "22" 
30 "30" "29" 
31 "31" "4"  

$edges
   in_node out_node length
1        1       -9   7.15
2        1      -10   7.15
3        2      -12   6.45
4        2      -13   6.45
5        3      -15   7.50
6        3      -16   7.50
7        4       -1   8.55
8        4       -2   8.55
9        5      -17   5.75
10       5      -18   5.75
11       6      -22   6.45
12       6      -23   6.45
13       7      -25   7.50
14       7      -26   7.50
15       8      -27   7.15
16       8      -28   7.15
17       9      -29   8.90
18       9      -30   8.90
19      10       -4   8.20
20      10       -5   8.20
21      11        1   4.20
22      11      -11  11.35
23      12        5   0.35
24      12      -19   6.10
25      13        6   1.05
26      13      -24   7.50
27      14        9   1.05
28      14      -31   9.95
29      15       -3   8.90
30      15       10   0.70
31      16       12   1.05
32      16      -20   7.15
33      17       13   2.10
34      17        7   2.10
35      18        8   3.15
36      18       14   0.35
37      19       15   0.35
38      19       -6   9.25
39      20       16   0.70
40      20      -21   7.85
41      21       17   1.40
42      21       18   0.70
43      22       19   0.70
44      22       -7   9.95
45      23        3   1.05
46      23       20   0.70
47      24      -14   9.25
48      24       23   0.70
49      25        2   4.55
50      25       24   1.75
51      26       25   0.35
52      26       21   0.35
53      27       11   0.35
54      27       26   0.35
55      28       -8  12.40
56      28       27   0.70
57      29       22   2.80
58      29       28   0.35
59      30       29   0.45
60      30      -32  13.20
61      31        4   5.10
62      31       30   0.45

$root_state_time
[1] 1.35

