$root_state
[1] "31"

$progenitor_states
 [1] "1"  "2"  "3"  "4"  "5"  "6"  "7"  "8"  "9"  "10" "11" "12" "13" "14" "15" "16" "17" "18" "19" "20" "21" "22" "23" "24" "25" "26" "27" "28" "29" "30" "31"

$terminal_states
 [1] "-1"  "-2"  "-3"  "-4"  "-5"  "-6"  "-7"  "-8"  "-9"  "-10" "-11" "-12" "-13" "-14" "-15" "-16" "-17" "-18" "-19" "-20" "-21" "-22" "-23" "-24" "-25" "-26"
[27] "-27" "-28" "-29" "-30" "-31" "-32"

$merge
   [,1] [,2]
1    -8   -9
2   -13  -14
3   -15  -16
4   -18  -19
5   -25  -26
6    -1   -2
7   -28  -29
8   -30  -31
9    -4   -5
10   -6   -7
11    1  -10
12  -12    2
13    6   -3
14    3  -17
15    4  -20
16  -24    5
17    9   10
18  -11   12
19   14   15
20   16  -27
21   19  -21
22   20    7
23   21  -22
24   23  -23
25   18   24
26   25   22
27   11   26
28   17   27
29   28    8
30   29  -32
31   13   30

$commitment_time
       1        2        3        4        5        6        7        8        9       10       11       12       13       14       15       16       17 
6.231091 9.626956 9.557605 9.749612 6.143819 7.878450 7.967382 9.469619 9.702069 8.980162 4.201836 8.590788 6.917996 8.807532 9.039981 5.690418 6.849987 
      18       19       20       21       22       23       24       25       26       27       28       29       30       31 
8.071750 7.830555 5.237206 7.390376 4.840423 6.764535 6.336967 5.723594 4.364857 3.782909 3.329592 2.884399 2.415000 1.859768 

$commitment_bias
        [,1]      [,2]
31 0.4726853 0.5273147
13 0.4207549 0.5792451
6  0.2457596 0.7542404
30 0.2306345 0.7693655
29 0.3824891 0.6175109
28 0.5194592 0.4805408
17 0.3522840 0.6477160
9  0.6909135 0.3090865
10 0.4155595 0.5844405
27 0.5532871 0.4467129
11 0.4349937 0.5650063
1  0.6390691 0.3609309
26 0.8103630 0.1896370
25 0.6445915 0.3554085
18 0.5577145 0.4422855
12 0.5614864 0.4385136
2  0.4488302 0.5511698
24 0.4468209 0.5531791
23 0.2184517 0.7815483
21 0.2324284 0.7675716
19 0.2893412 0.7106588
14 0.6261821 0.3738179
3  0.6828635 0.3171365
15 0.4537771 0.5462229
4  0.7088497 0.2911503
22 0.4662694 0.5337306
20 0.2809012 0.7190988
16 0.5836546 0.4163454
5  0.2334387 0.7665613
7  0.2727916 0.7272084
8  0.7702737 0.2297263

$`doubling time`
   1    2    3    4    5    6    7    8    9   10   11   12   13   14   15   16   17   18   19   20   21   22   23   24   25   26   27   28   29   30   31   -1 
0.35 0.35 0.35 0.35 0.35 0.35 0.35 0.35 0.35 0.35 0.35 0.35 0.35 0.35 0.35 0.35 0.35 0.35 0.35 0.35 0.35 0.35 0.35 0.35 0.35 0.35 0.35 0.35 0.35 0.35 0.45 0.35 
  -2   -3   -4   -5   -6   -7   -8   -9  -10  -11  -12  -13  -14  -15  -16  -17  -18  -19  -20  -21  -22  -23  -24  -25  -26  -27  -28  -29  -30  -31  -32 
0.35 0.35 0.35 0.35 0.35 0.35 0.35 0.35 0.35 0.35 0.35 0.35 0.35 0.35 0.35 0.35 0.35 0.35 0.35 0.35 0.35 0.35 0.35 0.35 0.35 0.35 0.35 0.35 0.35 0.35 0.35 

$founder_size
[1] 1

$target_time
[1] 15

$commitment_side
   [,1] [,2] 
1  "1"  "-8" 
2  "2"  "-13"
3  "3"  "-15"
4  "4"  "-18"
5  "5"  "-25"
6  "6"  "-1" 
7  "7"  "-28"
8  "8"  "-30"
9  "9"  "-4" 
10 "10" "-6" 
11 "11" "1"  
12 "12" "-12"
13 "13" "6"  
14 "14" "3"  
15 "15" "4"  
16 "16" "-24"
17 "17" "9"  
18 "18" "-11"
19 "19" "14" 
20 "20" "16" 
21 "21" "19" 
22 "22" "20" 
23 "23" "21" 
24 "24" "23" 
25 "25" "18" 
26 "26" "25" 
27 "27" "11" 
28 "28" "17" 
29 "29" "28" 
30 "30" "29" 
31 "31" "13" 

$edges
   in_node out_node length
1        1       -8   9.25
2        1       -9   9.25
3        2      -13   5.75
4        2      -14   5.75
5        3      -15   6.10
6        3      -16   6.10
7        4      -18   5.75
8        4      -19   5.75
9        5      -25   9.25
10       5      -26   9.25
11       6       -1   7.50
12       6       -2   7.50
13       7      -28   7.50
14       7      -29   7.50
15       8      -30   6.10
16       8      -31   6.10
17       9       -4   5.75
18       9       -5   5.75
19      10       -6   6.45
20      10       -7   6.45
21      11        1   2.10
22      11      -10  11.35
23      12      -12   6.80
24      12        2   1.05
25      13        6   1.05
26      13       -3   8.55
27      14        3   0.70
28      14      -17   6.80
29      15        4   0.70
30      15      -20   6.45
31      16      -24   9.95
32      16        5   0.70
33      17        9   2.80
34      17       10   2.10
35      18      -11   7.50
36      18       12   0.70
37      19       14   1.05
38      19       15   1.40
39      20       16   0.35
40      20      -27  10.30
41      21       19   0.35
42      21      -21   8.20
43      22       20   0.35
44      22        7   3.15
45      23       21   0.70
46      23      -22   8.90
47      24       23   0.35
48      24      -23   9.25
49      25       18   2.45
50      25       24   0.70
51      26       25   1.05
52      26       22   0.35
53      27       11   0.35
54      27       26   0.70
55      28       17   3.50
56      28       27   0.35
57      29       28   0.70
58      29        8   6.65
59      30       29   0.45
60      30      -32  13.20
61      31       13   5.10
62      31       30   0.45

$root_state_time
[1] 1.35

