$root_state
[1] "31"

$progenitor_states
 [1] "1"  "2"  "3"  "4"  "5"  "6"  "7"  "8"  "9"  "10" "11" "12" "13" "14" "15" "16" "17" "18" "19" "20" "21" "22" "23" "24" "25" "26" "27" "28" "29" "30" "31"

$terminal_states
 [1] "-1"  "-2"  "-3"  "-4"  "-5"  "-6"  "-7"  "-8"  "-9"  "-10" "-11" "-12" "-13" "-14" "-15" "-16" "-17" "-18" "-19" "-20" "-21" "-22" "-23" "-24" "-25" "-26"
[27] "-27" "-28" "-29" "-30" "-31" "-32"

$merge
   [,1] [,2]
1    -8   -9
2   -10  -11
3   -12  -13
4   -19  -20
5   -22  -23
6   -24  -25
7   -28  -29
8   -31  -32
9    -3   -4
10   -5   -6
11    2    3
12    4  -21
13    6  -26
14  -30    8
15   10   -7
16   11  -14
17   12    5
18    7   14
19    9   15
20   16  -15
21  -18   17
22    1   20
23  -17   21
24  -16   23
25   22   24
26   25   13
27   26  -27
28   27   18
29   19   28
30   -2   29
31   -1   30

$commitment_time
       1        2        3        4        5        6        7        8        9       10       11       12       13       14       15       16       17 
7.626535 8.968855 9.200828 9.066478 8.899540 9.548020 9.002404 9.339425 9.625033 8.736034 8.087845 8.318109 5.562058 8.190565 7.687724 6.588605 7.542171 
      18       19       20       21       22       23       24       25       26       27       28       29       30       31 
4.771787 5.023809 6.139771 7.030680 5.679137 6.651042 5.493625 4.880872 4.269733 3.839874 3.317107 2.887316 2.382649 1.886043 

$commitment_bias
        [,1]      [,2]
31 0.1166419 0.8833581
30 0.6156778 0.3843222
29 0.6972547 0.3027453
19 0.5465176 0.4534824
9  0.3319858 0.6680142
15 0.3660692 0.6339308
10 0.4602686 0.5397314
28 0.6201258 0.3798742
27 0.4258851 0.5741149
26 0.3788310 0.6211690
25 0.4900866 0.5099134
22 0.4292872 0.5707128
1  0.8184131 0.1815869
20 0.3788231 0.6211769
16 0.7516162 0.2483838
11 0.3757665 0.6242335
2  0.8088531 0.1911469
3  0.4196039 0.5803961
24 0.2718202 0.7281798
23 0.4167489 0.5832511
21 0.5287917 0.4712083
17 0.5804911 0.4195089
12 0.5387839 0.4612161
4  0.3268269 0.6731731
5  0.6607008 0.3392992
13 0.2489045 0.7510955
6  0.5927984 0.4072016
18 0.5629060 0.4370940
7  0.5864157 0.4135843
14 0.6310582 0.3689418
8  0.6623167 0.3376833

$`doubling time`
   1    2    3    4    5    6    7    8    9   10   11   12   13   14   15   16   17   18   19   20   21   22   23   24   25   26   27   28   29   30   31   -1 
0.35 0.35 0.35 0.35 0.35 0.35 0.35 0.35 0.35 0.35 0.35 0.35 0.35 0.35 0.35 0.35 0.35 0.35 0.35 0.35 0.35 0.35 0.35 0.35 0.35 0.35 0.35 0.35 0.35 0.35 0.45 0.35 
  -2   -3   -4   -5   -6   -7   -8   -9  -10  -11  -12  -13  -14  -15  -16  -17  -18  -19  -20  -21  -22  -23  -24  -25  -26  -27  -28  -29  -30  -31  -32 
0.35 0.35 0.35 0.35 0.35 0.35 0.35 0.35 0.35 0.35 0.35 0.35 0.35 0.35 0.35 0.35 0.35 0.35 0.35 0.35 0.35 0.35 0.35 0.35 0.35 0.35 0.35 0.35 0.35 0.35 0.35 

$founder_size
[1] 1

$target_time
[1] 15

$commitment_side
   [,1] [,2] 
1  "1"  "-8" 
2  "2"  "-10"
3  "3"  "-12"
4  "4"  "-19"
5  "5"  "-22"
6  "6"  "-24"
7  "7"  "-28"
8  "8"  "-31"
9  "9"  "-3" 
10 "10" "-5" 
11 "11" "2"  
12 "12" "4"  
13 "13" "6"  
14 "14" "-30"
15 "15" "10" 
16 "16" "11" 
17 "17" "12" 
18 "18" "7"  
19 "19" "9"  
20 "20" "16" 
21 "21" "-18"
22 "22" "1"  
23 "23" "-17"
24 "24" "-16"
25 "25" "22" 
26 "26" "25" 
27 "27" "26" 
28 "28" "27" 
29 "29" "19" 
30 "30" "-2" 
31 "31" "-1" 

$edges
   in_node out_node length
1        1       -8   7.85
2        1       -9   7.85
3        2      -10   6.45
4        2      -11   6.45
5        3      -12   6.45
6        3      -13   6.45
7        4      -19   6.45
8        4      -20   6.45
9        5      -22   6.80
10       5      -23   6.80
11       6      -24   6.10
12       6      -25   6.10
13       7      -28   6.45
14       7      -29   6.45
15       8      -31   6.10
16       8      -32   6.10
17       9       -3   5.75
18       9       -4   5.75
19      10       -5   6.80
20      10       -6   6.80
21      11        2   1.05
22      11        3   1.05
23      12        4   0.70
24      12      -21   7.15
25      13        6   3.85
26      13      -26   9.95
27      14      -30   7.50
28      14        8   1.40
29      15       10   1.05
30      15       -7   7.85
31      16       11   1.40
32      16      -14   8.90
33      17       12   0.70
34      17        5   1.05
35      18        7   4.20
36      18       14   3.15
37      19        9   4.90
38      19       15   2.80
39      20       16   0.35
40      20      -15   9.25
41      21      -18   8.55
42      21       17   0.70
43      22        1   2.10
44      22       20   0.70
45      23      -17   8.90
46      23       21   0.35
47      24      -16   9.95
48      24       23   1.05
49      25       22   0.70
50      25       24   0.70
51      26       25   0.70
52      26       13   1.40
53      27       26   0.35
54      27      -27  11.70
55      28       27   0.35
56      28       18   1.40
57      29       19   2.10
58      29       28   0.70
59      30       -2  13.20
60      30       29   0.45
61      31       -1  13.65
62      31       30   0.45

$root_state_time
[1] 1.35

