$root_state
[1] "31"

$progenitor_states
 [1] "1"  "2"  "3"  "4"  "5"  "6"  "7"  "8"  "9"  "10" "11" "12" "13" "14" "15" "16" "17" "18" "19" "20" "21" "22" "23" "24" "25" "26" "27" "28" "29" "30" "31"

$terminal_states
 [1] "-1"  "-2"  "-3"  "-4"  "-5"  "-6"  "-7"  "-8"  "-9"  "-10" "-11" "-12" "-13" "-14" "-15" "-16" "-17" "-18" "-19" "-20" "-21" "-22" "-23" "-24" "-25" "-26"
[27] "-27" "-28" "-29" "-30" "-31" "-32"

$merge
   [,1] [,2]
1   -12  -13
2   -15  -16
3   -20  -21
4   -22  -23
5   -25  -26
6   -27  -28
7   -29  -30
8   -31  -32
9    -1   -2
10   -4   -5
11   -7   -8
12    1  -14
13    3    4
14    9   -3
15   11   -9
16   12    2
17   14   10
18   13  -24
19  -11   16
20   18    5
21   19  -17
22   20    6
23   22    7
24  -19   23
25   24    8
26  -18   25
27   21   26
28  -10   27
29   15   28
30   -6   29
31   17   30

$commitment_time
       1        2        3        4        5        6        7        8        9       10       11       12       13       14       15       16       17 
9.280976 7.572346 9.148185 9.400228 9.529995 8.540651 9.063457 5.736226 5.846384 5.261755 9.672563 7.695003 8.611655 5.329741 6.478981 6.422172 4.815936 
      18       19       20       21       22       23       24       25       26       27       28       29       30       31 
8.105935 6.019706 7.477137 4.606752 6.992257 6.587448 5.904458 4.706863 4.191701 3.810028 3.396209 2.971018 2.451792 1.885917 

$commitment_bias
        [,1]      [,2]
31 0.5509043 0.4490957
17 0.3933181 0.6066819
14 0.2243382 0.7756618
9  0.5842509 0.4157491
10 0.6211092 0.3788908
30 0.6227255 0.3772745
29 0.7215338 0.2784662
15 0.7356185 0.2643815
11 0.5682075 0.4317925
28 0.4623970 0.5376030
27 0.5342882 0.4657118
21 0.6369185 0.3630815
19 0.3593461 0.6406539
16 0.5891087 0.4108913
12 0.5754598 0.4245402
1  0.7618207 0.2381793
2  0.7471273 0.2528727
26 0.4497058 0.5502942
25 0.6963859 0.3036141
24 0.3894032 0.6105968
23 0.3863497 0.6136503
22 0.2373062 0.7626938
20 0.6028715 0.3971285
18 0.3700788 0.6299212
13 0.4091139 0.5908861
3  0.5078960 0.4921040
4  0.2581939 0.7418061
5  0.6252801 0.3747199
6  0.4300883 0.5699117
7  0.2427860 0.7572140
8  0.3718398 0.6281602

$`doubling time`
   1    2    3    4    5    6    7    8    9   10   11   12   13   14   15   16   17   18   19   20   21   22   23   24   25   26   27   28   29   30   31   -1 
0.35 0.35 0.35 0.35 0.35 0.35 0.35 0.35 0.35 0.35 0.35 0.35 0.35 0.35 0.35 0.35 0.35 0.35 0.35 0.35 0.35 0.35 0.35 0.35 0.35 0.35 0.35 0.35 0.35 0.35 0.45 0.35 
  -2   -3   -4   -5   -6   -7   -8   -9  -10  -11  -12  -13  -14  -15  -16  -17  -18  -19  -20  -21  -22  -23  -24  -25  -26  -27  -28  -29  -30  -31  -32 
0.35 0.35 0.35 0.35 0.35 0.35 0.35 0.35 0.35 0.35 0.35 0.35 0.35 0.35 0.35 0.35 0.35 0.35 0.35 0.35 0.35 0.35 0.35 0.35 0.35 0.35 0.35 0.35 0.35 0.35 0.35 

$founder_size
[1] 1

$target_time
[1] 15

$commitment_side
   [,1] [,2] 
1  "1"  "-12"
2  "2"  "-15"
3  "3"  "-20"
4  "4"  "-22"
5  "5"  "-25"
6  "6"  "-27"
7  "7"  "-29"
8  "8"  "-31"
9  "9"  "-1" 
10 "10" "-4" 
11 "11" "-7" 
12 "12" "1"  
13 "13" "3"  
14 "14" "9"  
15 "15" "11" 
16 "16" "12" 
17 "17" "14" 
18 "18" "13" 
19 "19" "-11"
20 "20" "18" 
21 "21" "19" 
22 "22" "20" 
23 "23" "22" 
24 "24" "-19"
25 "25" "24" 
26 "26" "-18"
27 "27" "21" 
28 "28" "-10"
29 "29" "15" 
30 "30" "-6" 
31 "31" "17" 

$edges
   in_node out_node length
1        1      -12   6.10
2        1      -13   6.10
3        2      -15   7.85
4        2      -16   7.85
5        3      -20   6.45
6        3      -21   6.45
7        4      -22   6.10
8        4      -23   6.10
9        5      -25   6.10
10       5      -26   6.10
11       6      -27   7.15
12       6      -28   7.15
13       7      -29   6.45
14       7      -30   6.45
15       8      -31   9.95
16       8      -32   9.95
17       9       -1   9.60
18       9       -2   9.60
19      10       -4  10.30
20      10       -5  10.30
21      11       -7   5.75
22      11       -8   5.75
23      12        1   1.75
24      12      -14   7.85
25      13        3   0.35
26      13        4   0.70
27      14        9   0.70
28      14       -3  10.30
29      15       11   3.15
30      15       -9   8.90
31      16       12   1.40
32      16        2   1.40
33      17       14   0.35
34      17       10   0.35
35      18       13   0.70
36      18      -24   7.50
37      19      -11   9.60
38      19       16   0.35
39      20       18   0.70
40      20        5   2.10
41      21       19   1.40
42      21      -17  11.00
43      22       20   0.35
44      22        6   1.40
45      23       22   0.35
46      23        7   2.45
47      24      -19   9.60
48      24       23   0.70
49      25       24   1.05
50      25        8   0.70
51      26      -18  11.35
52      26       25   0.70
53      27       21   0.70
54      27       26   0.35
55      28      -10  12.05
56      28       27   0.35
57      29       15   3.50
58      29       28   0.35
59      30       -6  13.20
60      30       29   0.80
61      31       17   3.00
62      31       30   0.45

$root_state_time
[1] 1.35

