$root_state
[1] "31"

$progenitor_states
 [1] "1"  "2"  "3"  "4"  "5"  "6"  "7"  "8"  "9"  "10" "11" "12" "13" "14" "15" "16" "17" "18" "19" "20" "21" "22" "23" "24" "25" "26" "27" "28" "29" "30" "31"

$terminal_states
 [1] "-1"  "-2"  "-3"  "-4"  "-5"  "-6"  "-7"  "-8"  "-9"  "-10" "-11" "-12" "-13" "-14" "-15" "-16" "-17" "-18" "-19" "-20" "-21" "-22" "-23" "-24" "-25" "-26"
[27] "-27" "-28" "-29" "-30" "-31" "-32"

$merge
   [,1] [,2]
1    -4   -5
2    -6   -7
3   -11  -12
4   -13  -14
5   -15  -16
6   -17  -18
7   -23  -24
8   -27  -28
9   -29  -30
10  -31  -32
11   -2   -3
12    1    2
13    3    4
14    6  -19
15  -22    7
16  -26    8
17   12   -8
18    5   14
19   16    9
20   17   -9
21   18  -20
22   20  -10
23   13   21
24   22   23
25   24  -21
26   11   25
27   26   15
28   27  -25
29   -1   28
30   29   19
31   30   10

$commitment_time
       1        2        3        4        5        6        7        8        9       10       11       12       13       14       15       16       17 
9.388159 8.547415 9.491336 9.612681 9.309677 9.726330 9.418418 8.479430 3.841555 9.213170 8.425697 7.752447 8.651574 8.351988 6.053398 4.396942 7.258582 
      18       19       20       21       22       23       24       25       26       27       28       29       30       31 
7.840390 3.247085 6.756927 6.635674 6.236160 5.891184 5.395273 4.967614 4.446961 3.954719 3.411209 2.844876 2.445995 1.892150 

$commitment_bias
        [,1]      [,2]
31 0.6083140 0.3916860
30 0.1766146 0.8233854
29 0.4685638 0.5314362
28 0.6733711 0.3266289
27 0.6580130 0.3419870
26 0.6852991 0.3147009
11 0.1502682 0.8497318
25 0.2397125 0.7602875
24 0.5122330 0.4877670
22 0.5522018 0.4477982
20 0.3076209 0.6923791
17 0.6695179 0.3304821
12 0.3568840 0.6431160
1  0.5439501 0.4560499
2  0.6357216 0.3642784
23 0.5339880 0.4660120
13 0.4583452 0.5416548
3  0.4379317 0.5620683
4  0.7803174 0.2196826
21 0.5318872 0.4681128
18 0.5641612 0.4358388
5  0.7507873 0.2492127
14 0.2541125 0.7458875
6  0.3155953 0.6844047
15 0.5840396 0.4159604
7  0.6360026 0.3639974
19 0.7000872 0.2999128
16 0.5264479 0.4735521
8  0.5033466 0.4966534
9  0.4100382 0.5899618
10 0.7816303 0.2183697

$`doubling time`
   1    2    3    4    5    6    7    8    9   10   11   12   13   14   15   16   17   18   19   20   21   22   23   24   25   26   27   28   29   30   31   -1 
0.35 0.35 0.35 0.35 0.35 0.35 0.35 0.35 0.35 0.35 0.35 0.35 0.35 0.35 0.35 0.35 0.35 0.35 0.35 0.35 0.35 0.35 0.35 0.35 0.35 0.35 0.35 0.35 0.35 0.35 0.45 0.35 
  -2   -3   -4   -5   -6   -7   -8   -9  -10  -11  -12  -13  -14  -15  -16  -17  -18  -19  -20  -21  -22  -23  -24  -25  -26  -27  -28  -29  -30  -31  -32 
0.35 0.35 0.35 0.35 0.35 0.35 0.35 0.35 0.35 0.35 0.35 0.35 0.35 0.35 0.35 0.35 0.35 0.35 0.35 0.35 0.35 0.35 0.35 0.35 0.35 0.35 0.35 0.35 0.35 0.35 0.35 

$founder_size
[1] 1

$target_time
[1] 15

$commitment_side
   [,1] [,2] 
1  "1"  "-4" 
2  "2"  "-6" 
3  "3"  "-11"
4  "4"  "-13"
5  "5"  "-15"
6  "6"  "-17"
7  "7"  "-23"
8  "8"  "-27"
9  "9"  "-29"
10 "10" "-31"
11 "11" "-2" 
12 "12" "1"  
13 "13" "3"  
14 "14" "6"  
15 "15" "-22"
16 "16" "-26"
17 "17" "12" 
18 "18" "5"  
19 "19" "16" 
20 "20" "17" 
21 "21" "18" 
22 "22" "20" 
23 "23" "13" 
24 "24" "22" 
25 "25" "24" 
26 "26" "11" 
27 "27" "26" 
28 "28" "27" 
29 "29" "-1" 
30 "30" "29" 
31 "31" "30" 

$edges
   in_node out_node length
1        1       -4   6.10
2        1       -5   6.10
3        2       -6   7.15
4        2       -7   7.15
5        3      -11   6.10
6        3      -12   6.10
7        4      -13   5.75
8        4      -14   5.75
9        5      -15   6.10
10       5      -16   6.10
11       6      -17   5.75
12       6      -18   5.75
13       7      -23   6.10
14       7      -24   6.10
15       8      -27   7.15
16       8      -28   7.15
17       9      -29  11.70
18       9      -30  11.70
19      10      -31   6.45
20      10      -32   6.45
21      11       -2   7.15
22      11       -3   7.15
23      12        1   1.75
24      12        2   0.70
25      13        3   0.70
26      13        4   1.05
27      14        6   1.40
28      14      -19   7.15
29      15      -22   9.60
30      15        7   3.50
31      16      -26  11.00
32      16        8   3.85
33      17       12   0.35
34      17       -8   8.20
35      18        5   1.75
36      18       14   0.70
37      19       16   1.40
38      19        9   0.70
39      20       17   0.70
40      20       -9   8.90
41      21       18   1.05
42      21      -20   8.90
43      22       20   0.35
44      22      -10   9.25
45      23       13   2.80
46      23       21   0.70
47      24       22   1.05
48      24       23   0.70
49      25       24   0.35
50      25      -21  10.65
51      26       11   3.85
52      26       25   0.35
53      27       26   0.70
54      27       15   2.10
55      28       27   0.35
56      28      -25  12.05
57      29       -1  12.75
58      29       28   0.70
59      30       29   0.45
60      30       19   0.80
61      31       30   0.45
62      31       10   7.20

$root_state_time
[1] 1.35

