$root_state
[1] "31"

$progenitor_states
 [1] "1"  "2"  "3"  "4"  "5"  "6"  "7"  "8"  "9"  "10" "11" "12" "13" "14" "15" "16" "17" "18" "19" "20" "21" "22" "23" "24" "25" "26" "27" "28" "29" "30" "31"

$terminal_states
 [1] "-1"  "-2"  "-3"  "-4"  "-5"  "-6"  "-7"  "-8"  "-9"  "-10" "-11" "-12" "-13" "-14" "-15" "-16" "-17" "-18" "-19" "-20" "-21" "-22" "-23" "-24" "-25" "-26"
[27] "-27" "-28" "-29" "-30" "-31" "-32"

$merge
   [,1] [,2]
1    -9  -10
2   -13  -14
3   -15  -16
4   -19  -20
5   -21  -22
6   -24  -25
7   -26  -27
8   -29  -30
9    -3   -4
10    1  -11
11  -12    2
12    3  -17
13    5  -23
14  -28    8
15   -8   10
16   12  -18
17    4   13
18   14  -31
19   -7   15
20   16   17
21    7   18
22   11   20
23   -6   19
24   22    6
25   -5   23
26   25   24
27   26   21
28    9   27
29   -2   28
30   -1   29
31   30  -32

$commitment_time
       1        2        3        4        5        6        7        8        9       10       11       12       13       14       15       16       17 
9.753353 8.509155 7.271729 7.329217 8.464178 9.651026 6.541195 8.595223 7.251837 9.150052 6.686651 6.814527 7.956414 8.050604 8.654702 6.071834 5.899928 
      18       19       20       21       22       23       24       25       26       27       28       29       30       31 
6.601172 7.790827 5.459510 5.366344 4.947916 7.363135 4.557602 5.517751 4.114823 3.634659 3.234535 2.832627 2.415929 1.843392 

$commitment_bias
        [,1]      [,2]
31 0.5527331 0.4472669
30 0.5360411 0.4639589
29 0.3673064 0.6326936
28 0.5854896 0.4145104
9  0.3817637 0.6182363
27 0.2407443 0.7592557
26 0.4901557 0.5098443
25 0.3192052 0.6807948
23 0.7392813 0.2607187
19 0.3708788 0.6291212
15 0.4955275 0.5044725
10 0.7863907 0.2136093
1  0.3052147 0.6947853
24 0.7546090 0.2453910
22 0.4806434 0.5193566
11 0.4673910 0.5326090
2  0.5719585 0.4280415
20 0.7339648 0.2660352
16 0.2511114 0.7488886
12 0.2540706 0.7459294
3  0.4621358 0.5378642
17 0.3369252 0.6630748
4  0.4751636 0.5248364
13 0.5526053 0.4473947
5  0.4754304 0.5245696
6  0.6971598 0.3028402
21 0.6922067 0.3077933
7  0.4209702 0.5790298
18 0.3828091 0.6171909
14 0.3314186 0.6685814
8  0.4396065 0.5603935

$`doubling time`
   1    2    3    4    5    6    7    8    9   10   11   12   13   14   15   16   17   18   19   20   21   22   23   24   25   26   27   28   29   30   31   -1 
0.35 0.35 0.35 0.35 0.35 0.35 0.35 0.35 0.35 0.35 0.35 0.35 0.35 0.35 0.35 0.35 0.35 0.35 0.35 0.35 0.35 0.35 0.35 0.35 0.35 0.35 0.35 0.35 0.35 0.35 0.45 0.35 
  -2   -3   -4   -5   -6   -7   -8   -9  -10  -11  -12  -13  -14  -15  -16  -17  -18  -19  -20  -21  -22  -23  -24  -25  -26  -27  -28  -29  -30  -31  -32 
0.35 0.35 0.35 0.35 0.35 0.35 0.35 0.35 0.35 0.35 0.35 0.35 0.35 0.35 0.35 0.35 0.35 0.35 0.35 0.35 0.35 0.35 0.35 0.35 0.35 0.35 0.35 0.35 0.35 0.35 0.35 

$founder_size
[1] 1

$target_time
[1] 15

$commitment_side
   [,1] [,2] 
1  "1"  "-9" 
2  "2"  "-13"
3  "3"  "-15"
4  "4"  "-19"
5  "5"  "-21"
6  "6"  "-24"
7  "7"  "-26"
8  "8"  "-29"
9  "9"  "-3" 
10 "10" "1"  
11 "11" "-12"
12 "12" "3"  
13 "13" "5"  
14 "14" "-28"
15 "15" "-8" 
16 "16" "12" 
17 "17" "4"  
18 "18" "14" 
19 "19" "-7" 
20 "20" "16" 
21 "21" "7"  
22 "22" "11" 
23 "23" "-6" 
24 "24" "22" 
25 "25" "-5" 
26 "26" "25" 
27 "27" "26" 
28 "28" "9"  
29 "29" "-2" 
30 "30" "-1" 
31 "31" "30" 

$edges
   in_node out_node length
1        1       -9   5.75
2        1      -10   5.75
3        2      -13   7.15
4        2      -14   7.15
5        3      -15   8.20
6        3      -16   8.20
7        4      -19   8.20
8        4      -20   8.20
9        5      -21   7.15
10       5      -22   7.15
11       6      -24   5.75
12       6      -25   5.75
13       7      -26   8.90
14       7      -27   8.90
15       8      -29   6.80
16       8      -30   6.80
17       9       -3   8.20
18       9       -4   8.20
19      10        1   0.70
20      10      -11   6.45
21      11      -12   8.90
22      11        2   1.75
23      12        3   0.35
24      12      -17   8.55
25      13        5   0.35
26      13      -23   7.50
27      14      -28   7.50
28      14        8   0.70
29      15       -8   6.80
30      15       10   0.35
31      16       12   1.05
32      16      -18   9.60
33      17        4   1.40
34      17       13   2.10
35      18       14   1.40
36      18      -31   8.90
37      19       -7   7.85
38      19       15   1.05
39      20       16   0.35
40      20       17   0.35
41      21        7   1.40
42      21       18   1.40
43      22       11   1.75
44      22       20   0.70
45      23       -6   8.20
46      23       19   0.35
47      24       22   0.35
48      24        6   5.25
49      25       -5   9.95
50      25       23   1.75
51      26       25   1.40
52      26       24   0.35
53      27       26   0.70
54      27       21   1.75
55      28        9   4.20
56      28       27   0.35
57      29       -2  12.75
58      29       28   0.35
59      30       -1  13.20
60      30       29   0.45
61      31       30   0.45
62      31      -32  13.65

$root_state_time
[1] 1.35

