$root_state
[1] "31"

$progenitor_states
 [1] "1"  "2"  "3"  "4"  "5"  "6"  "7"  "8"  "9"  "10" "11" "12" "13" "14" "15" "16" "17" "18" "19" "20" "21" "22" "23" "24" "25" "26" "27" "28" "29" "30" "31"

$terminal_states
 [1] "-1"  "-2"  "-3"  "-4"  "-5"  "-6"  "-7"  "-8"  "-9"  "-10" "-11" "-12" "-13" "-14" "-15" "-16" "-17" "-18" "-19" "-20" "-21" "-22" "-23" "-24" "-25" "-26"
[27] "-27" "-28" "-29" "-30" "-31" "-32"

$merge
   [,1] [,2]
1    -6   -7
2    -8   -9
3   -10  -11
4   -13  -14
5   -16  -17
6   -20  -21
7   -23  -24
8   -25  -26
9   -28  -29
10  -31  -32
11   -2   -3
12   -5    1
13    3  -12
14  -15    5
15    6  -22
16    7    8
17  -27    9
18   11   -4
19   14  -18
20  -19   15
21   19   20
22    4   21
23   13   22
24    2   23
25   12   24
26   18   25
27   26   16
28   -1   27
29   28   17
30   29  -30
31   30   10

$commitment_time
       1        2        3        4        5        6        7        8        9       10       11       12       13       14       15       16       17 
9.269813 9.209380 8.732395 7.691683 8.228220 9.307359 8.677960 6.526801 6.671334 5.968960 9.760468 6.095894 6.837650 7.765700 8.794722 5.305395 5.394359 
      18       19       20       21       22       23       24       25       26       27       28       29       30       31 
9.332755 7.279722 8.272634 6.602659 6.039120 5.544760 4.888141 4.407612 4.012534 3.609707 3.190349 2.777346 2.375915 1.861494 

$commitment_bias
        [,1]      [,2]
31 0.3850885 0.6149115
30 0.7021313 0.2978687
29 0.6521965 0.3478035
28 0.4302585 0.5697415
27 0.6806534 0.3193466
26 0.5905923 0.4094077
18 0.5979379 0.4020621
11 0.6841050 0.3158950
25 0.3999090 0.6000910
12 0.3843599 0.6156401
1  0.5971280 0.4028720
24 0.6161793 0.3838207
2  0.4500299 0.5499701
23 0.5183849 0.4816151
13 0.6861563 0.3138437
3  0.5873726 0.4126274
22 0.3558049 0.6441951
4  0.6105994 0.3894006
21 0.2860945 0.7139055
19 0.5221430 0.4778570
14 0.6542156 0.3457844
5  0.8195218 0.1804782
20 0.5055004 0.4944996
15 0.2959817 0.7040183
6  0.3691411 0.6308589
16 0.3175469 0.6824531
7  0.4900784 0.5099216
8  0.4066693 0.5933307
17 0.5108263 0.4891737
9  0.6155324 0.3844676
10 0.6772605 0.3227395

$`doubling time`
   1    2    3    4    5    6    7    8    9   10   11   12   13   14   15   16   17   18   19   20   21   22   23   24   25   26   27   28   29   30   31   -1 
0.35 0.35 0.35 0.35 0.35 0.35 0.35 0.35 0.35 0.35 0.35 0.35 0.35 0.35 0.35 0.35 0.35 0.35 0.35 0.35 0.35 0.35 0.35 0.35 0.35 0.35 0.35 0.35 0.35 0.35 0.45 0.35 
  -2   -3   -4   -5   -6   -7   -8   -9  -10  -11  -12  -13  -14  -15  -16  -17  -18  -19  -20  -21  -22  -23  -24  -25  -26  -27  -28  -29  -30  -31  -32 
0.35 0.35 0.35 0.35 0.35 0.35 0.35 0.35 0.35 0.35 0.35 0.35 0.35 0.35 0.35 0.35 0.35 0.35 0.35 0.35 0.35 0.35 0.35 0.35 0.35 0.35 0.35 0.35 0.35 0.35 0.35 

$founder_size
[1] 1

$target_time
[1] 15

$commitment_side
   [,1] [,2] 
1  "1"  "-6" 
2  "2"  "-8" 
3  "3"  "-10"
4  "4"  "-13"
5  "5"  "-16"
6  "6"  "-20"
7  "7"  "-23"
8  "8"  "-25"
9  "9"  "-28"
10 "10" "-31"
11 "11" "-2" 
12 "12" "-5" 
13 "13" "3"  
14 "14" "-15"
15 "15" "6"  
16 "16" "7"  
17 "17" "-27"
18 "18" "11" 
19 "19" "14" 
20 "20" "-19"
21 "21" "19" 
22 "22" "4"  
23 "23" "13" 
24 "24" "2"  
25 "25" "12" 
26 "26" "18" 
27 "27" "26" 
28 "28" "-1" 
29 "29" "28" 
30 "30" "29" 
31 "31" "30" 

$edges
   in_node out_node length
1        1       -6   6.10
2        1       -7   6.10
3        2       -8   6.45
4        2       -9   6.45
5        3      -10   6.80
6        3      -11   6.80
7        4      -13   7.85
8        4      -14   7.85
9        5      -16   7.15
10       5      -17   7.15
11       6      -20   6.10
12       6      -21   6.10
13       7      -23   6.80
14       7      -24   6.80
15       8      -25   8.90
16       8      -26   8.90
17       9      -28   8.90
18       9      -29   8.90
19      10      -31   9.60
20      10      -32   9.60
21      11       -2   5.75
22      11       -3   5.75
23      12       -5   9.60
24      12        1   3.50
25      13        3   1.75
26      13      -12   8.55
27      14      -15   7.85
28      14        5   0.70
29      15        6   0.70
30      15      -22   6.80
31      16        7   3.50
32      16        8   1.40
33      17      -27  10.30
34      17        9   1.40
35      18       11   0.35
36      18       -4   6.10
37      19       14   0.35
38      19      -18   8.20
39      20      -19   7.15
40      20       15   0.35
41      21       19   0.70
42      21       20   1.75
43      22        4   1.75
44      22       21   0.70
45      23       13   1.40
46      23       22   0.35
47      24        2   4.20
48      24       23   0.70
49      25       12   1.40
50      25       24   0.35
51      26       18   5.25
52      26       25   0.35
53      27       26   0.70
54      27       16   1.75
55      28       -1  12.40
56      28       27   0.35
57      29       28   0.35
58      29       17   2.45
59      30       29   0.45
60      30      -30  13.20
61      31       30   0.45
62      31       10   4.05

$root_state_time
[1] 1.35

