$root_state
[1] "63"

$progenitor_states
 [1] "1"  "2"  "3"  "4"  "5"  "6"  "7"  "8"  "9"  "10" "11" "12" "13" "14" "15" "16" "17" "18" "19" "20" "21" "22" "23" "24" "25" "26" "27" "28" "29" "30" "31"
[32] "32" "33" "34" "35" "36" "37" "38" "39" "40" "41" "42" "43" "44" "45" "46" "47" "48" "49" "50" "51" "52" "53" "54" "55" "56" "57" "58" "59" "60" "61" "62"
[63] "63"

$terminal_states
 [1] "-1"  "-2"  "-3"  "-4"  "-5"  "-6"  "-7"  "-8"  "-9"  "-10" "-11" "-12" "-13" "-14" "-15" "-16" "-17" "-18" "-19" "-20" "-21" "-22" "-23" "-24" "-25" "-26"
[27] "-27" "-28" "-29" "-30" "-31" "-32" "-33" "-34" "-35" "-36" "-37" "-38" "-39" "-40" "-41" "-42" "-43" "-44" "-45" "-46" "-47" "-48" "-49" "-50" "-51" "-52"
[53] "-53" "-54" "-55" "-56" "-57" "-58" "-59" "-60" "-61" "-62" "-63" "-64"

$merge
   [,1] [,2]
1    -9  -10
2   -12  -13
3   -15  -16
4   -17  -18
5   -21  -22
6   -24  -25
7   -27  -28
8   -30  -31
9   -32  -33
10  -35  -36
11  -38  -39
12  -40  -41
13  -44  -45
14  -47  -48
15   -1   -2
16  -49  -50
17  -51  -52
18  -54  -55
19  -57  -58
20  -60  -61
21   -5   -6
22   -8    1
23  -11    2
24    3    4
25  -20    5
26    6  -26
27  -29    8
28  -34   10
29   12  -42
30   17  -53
31   19  -59
32   20  -62
33   -4   21
34   22   23
35  -19   25
36   26    7
37   27    9
38   28  -37
39   29  -43
40   16   30
41   32  -63
42   33   -7
43   24   35
44   38   11
45   39   13
46   40   18
47   31   41
48   -3   42
49   43  -23
50   37   44
51   15   48
52   14   46
53   47  -64
54   36   50
55   51   34
56  -46   52
57  -56   53
58   55  -14
59   54   45
60   59   56
61   60   57
62   49   61
63   58   62

$commitment_time
       1        2        3        4        5        6        7        8        9       10       11       12       13       14       15       16       17 
9.229432 9.773911 8.570054 8.093877 9.106829 7.078456 7.158658 9.031756 6.985014 7.640078 9.296139 8.123642 4.418273 5.986123 7.673777 9.729451 9.699379 
      18       19       20       21       22       23       24       25       26       27       28       29       30       31       32       33       34 
7.105273 9.090648 9.255605 9.763391 7.600032 9.329805 7.703717 8.636099 6.617619 6.540774 7.000462 5.462085 9.149290 6.596811 8.542121 9.196856 5.503557 
      35       36       37       38       39       40       41       42       43       44       45       46       47       48       49       50       51 
7.151406 6.083957 6.113200 6.571910 4.882524 7.038448 8.161825 8.601396 4.391017 6.025688 4.018030 5.951876 4.845169 7.214407 3.640683 5.419953 4.828817 
      52       53       54       55       56       57       58       59       60       61       62       63 
5.550776 3.537670 5.001342 4.446406 4.933872 3.099407 2.301775 3.589450 3.147378 2.717887 2.328817 1.828622 

$commitment_bias
        [,1]      [,2]
63 0.4253738 0.5746262
58 0.5038361 0.4961639
55 0.6107391 0.3892609
51 0.7395189 0.2604811
15 0.4697508 0.5302492
48 0.2632517 0.7367483
42 0.6734296 0.3265704
33 0.6701321 0.3298679
21 0.5377339 0.4622661
34 0.4434111 0.5565889
22 0.2184350 0.7815650
1  0.5581777 0.4418223
23 0.6299587 0.3700413
2  0.5328836 0.4671164
62 0.4491153 0.5508847
49 0.2689768 0.7310232
43 0.4223683 0.5776317
24 0.7059896 0.2940104
3  0.4214455 0.5785545
4  0.7380145 0.2619855
35 0.6167459 0.3832541
25 0.5503108 0.4496892
5  0.4168217 0.5831783
61 0.3497805 0.6502195
60 0.3888170 0.6111830
59 0.7272387 0.2727613
54 0.2076584 0.7923416
36 0.6253771 0.3746229
26 0.4390485 0.5609515
6  0.3123149 0.6876851
7  0.6348504 0.3651496
50 0.8431172 0.1568828
37 0.6120541 0.3879459
27 0.4634571 0.5365429
8  0.3379217 0.6620783
9  0.4292611 0.5707389
44 0.4300553 0.5699447
38 0.7804166 0.2195834
28 0.4578852 0.5421148
10 0.4718635 0.5281365
11 0.4065370 0.5934630
45 0.4088779 0.5911221
39 0.3663313 0.6336687
29 0.5014156 0.4985844
12 0.5203021 0.4796979
13 0.4811732 0.5188268
56 0.5953781 0.4046219
52 0.4674470 0.5325530
14 0.6362991 0.3637009
46 0.5255975 0.4744025
40 0.5930757 0.4069243
16 0.3649326 0.6350674
30 0.3948386 0.6051614
17 0.5386160 0.4613840
18 0.3755399 0.6244601
57 0.4203786 0.5796214
53 0.4211130 0.5788870
47 0.6167172 0.3832828
31 0.7041759 0.2958241
19 0.2980853 0.7019147
41 0.7173983 0.2826017
32 0.7616654 0.2383346
20 0.4087940 0.5912060

$`doubling time`
   1    2    3    4    5    6    7    8    9   10   11   12   13   14   15   16   17   18   19   20   21   22   23   24   25   26   27   28   29   30   31   32 
0.35 0.35 0.35 0.35 0.35 0.35 0.35 0.35 0.35 0.35 0.35 0.35 0.35 0.35 0.35 0.35 0.35 0.35 0.35 0.35 0.35 0.35 0.35 0.35 0.35 0.35 0.35 0.35 0.35 0.35 0.35 0.35 
  33   34   35   36   37   38   39   40   41   42   43   44   45   46   47   48   49   50   51   52   53   54   55   56   57   58   59   60   61   62   63   -1 
0.35 0.35 0.35 0.35 0.35 0.35 0.35 0.35 0.35 0.35 0.35 0.35 0.35 0.35 0.35 0.35 0.35 0.35 0.35 0.35 0.35 0.35 0.35 0.35 0.35 0.35 0.35 0.35 0.35 0.35 0.45 0.35 
  -2   -3   -4   -5   -6   -7   -8   -9  -10  -11  -12  -13  -14  -15  -16  -17  -18  -19  -20  -21  -22  -23  -24  -25  -26  -27  -28  -29  -30  -31  -32  -33 
0.35 0.35 0.35 0.35 0.35 0.35 0.35 0.35 0.35 0.35 0.35 0.35 0.35 0.35 0.35 0.35 0.35 0.35 0.35 0.35 0.35 0.35 0.35 0.35 0.35 0.35 0.35 0.35 0.35 0.35 0.35 0.35 
 -34  -35  -36  -37  -38  -39  -40  -41  -42  -43  -44  -45  -46  -47  -48  -49  -50  -51  -52  -53  -54  -55  -56  -57  -58  -59  -60  -61  -62  -63  -64 
0.35 0.35 0.35 0.35 0.35 0.35 0.35 0.35 0.35 0.35 0.35 0.35 0.35 0.35 0.35 0.35 0.35 0.35 0.35 0.35 0.35 0.35 0.35 0.35 0.35 0.35 0.35 0.35 0.35 0.35 0.35 

$founder_size
[1] 1

$target_time
[1] 15

$commitment_side
   [,1] [,2] 
1  "1"  "-9" 
2  "2"  "-12"
3  "3"  "-15"
4  "4"  "-17"
5  "5"  "-21"
6  "6"  "-24"
7  "7"  "-27"
8  "8"  "-30"
9  "9"  "-32"
10 "10" "-35"
11 "11" "-38"
12 "12" "-40"
13 "13" "-44"
14 "14" "-47"
15 "15" "-1" 
16 "16" "-49"
17 "17" "-51"
18 "18" "-54"
19 "19" "-57"
20 "20" "-60"
21 "21" "-5" 
22 "22" "-8" 
23 "23" "-11"
24 "24" "3"  
25 "25" "-20"
26 "26" "6"  
27 "27" "-29"
28 "28" "-34"
29 "29" "12" 
30 "30" "17" 
31 "31" "19" 
32 "32" "20" 
33 "33" "-4" 
34 "34" "22" 
35 "35" "-19"
36 "36" "26" 
37 "37" "27" 
38 "38" "28" 
39 "39" "29" 
40 "40" "16" 
41 "41" "32" 
42 "42" "33" 
43 "43" "24" 
44 "44" "38" 
45 "45" "39" 
46 "46" "40" 
47 "47" "31" 
48 "48" "-3" 
49 "49" "43" 
50 "50" "37" 
51 "51" "15" 
52 "52" "14" 
53 "53" "47" 
54 "54" "36" 
55 "55" "51" 
56 "56" "-46"
57 "57" "-56"
58 "58" "55" 
59 "59" "54" 
60 "60" "59" 
61 "61" "60" 
62 "62" "49" 
63 "63" "58" 

$edges
    in_node out_node length
1         1       -9   6.45
2         1      -10   6.45
3         2      -12   5.75
4         2      -13   5.75
5         3      -15   6.80
6         3      -16   6.80
7         4      -17   7.50
8         4      -18   7.50
9         5      -21   6.45
10        5      -22   6.45
11        6      -24   8.55
12        6      -25   8.55
13        7      -27   8.20
14        7      -28   8.20
15        8      -30   6.45
16        8      -31   6.45
17        9      -32   8.55
18        9      -33   8.55
19       10      -35   7.85
20       10      -36   7.85
21       11      -38   6.10
22       11      -39   6.10
23       12      -40   7.50
24       12      -41   7.50
25       13      -44  11.00
26       13      -45  11.00
27       14      -47   9.60
28       14      -48   9.60
29       15       -1   7.85
30       15       -2   7.85
31       16      -49   5.75
32       16      -50   5.75
33       17      -51   5.75
34       17      -52   5.75
35       18      -54   8.55
36       18      -55   8.55
37       19      -57   6.45
38       19      -58   6.45
39       20      -60   6.10
40       20      -61   6.10
41       21       -5   5.75
42       21       -6   5.75
43       22       -8   7.85
44       22        1   1.40
45       23      -11   6.10
46       23        2   0.35
47       24        3   1.05
48       24        4   0.35
49       25      -20   6.80
50       25        5   0.35
51       26        6   0.35
52       26      -26   8.90
53       27      -29   8.90
54       27        8   2.45
55       28      -34   8.55
56       28       10   0.70
57       29       12   2.45
58       29      -42   9.95
59       30       17   0.70
60       30      -53   6.45
61       31       19   2.45
62       31      -59   8.90
63       32       20   1.05
64       32      -62   7.15
65       33       -4   6.45
66       33       21   0.70
67       34       22   2.10
68       34       23   3.85
69       35      -19   8.20
70       35       25   1.40
71       36       26   0.70
72       36        7   1.40
73       37       27   0.35
74       37        9   0.70
75       38       28   0.35
76       38      -37   8.90
77       39       29   0.70
78       39      -43  10.65
79       40       16   2.80
80       40       30   2.10
81       41       32   0.35
82       41      -63   7.50
83       42       33   0.35
84       42       -7   6.80
85       43       24   3.15
86       43       35   2.80
87       44       38   0.70
88       44       11   3.50
89       45       39   0.70
90       45       13   0.35
91       46       40   1.05
92       46       18   1.05
93       47       31   1.75
94       47       41   3.15
95       48       -3   8.20
96       48       42   1.40
97       49       43   1.05
98       49      -23  12.05
99       50       37   0.70
100      50       44   0.35
101      51       15   2.80
102      51       48   2.45
103      52       14   0.35
104      52       46   0.35
105      53       47   1.40
106      53      -64  12.05
107      54       36   1.05
108      54       50   0.70
109      55       51   0.35
110      55       34   1.05
111      56      -46  10.65
112      56       52   0.70
113      57      -56  12.40
114      57       53   0.35
115      58       55   2.20
116      58      -14  13.20
117      59       54   1.40
118      59       45   0.70
119      60       59   0.35
120      60       56   1.75
121      61       60   0.35
122      61       57   0.35
123      62       49   1.15
124      62       61   0.45
125      63       58   0.45
126      63       62   0.45

$root_state_time
[1] 1.35

