$root_state
[1] "63"

$progenitor_states
 [1] "1"  "2"  "3"  "4"  "5"  "6"  "7"  "8"  "9"  "10" "11" "12" "13" "14" "15" "16" "17" "18" "19" "20" "21" "22" "23" "24" "25" "26" "27" "28" "29" "30" "31"
[32] "32" "33" "34" "35" "36" "37" "38" "39" "40" "41" "42" "43" "44" "45" "46" "47" "48" "49" "50" "51" "52" "53" "54" "55" "56" "57" "58" "59" "60" "61" "62"
[63] "63"

$terminal_states
 [1] "-1"  "-2"  "-3"  "-4"  "-5"  "-6"  "-7"  "-8"  "-9"  "-10" "-11" "-12" "-13" "-14" "-15" "-16" "-17" "-18" "-19" "-20" "-21" "-22" "-23" "-24" "-25" "-26"
[27] "-27" "-28" "-29" "-30" "-31" "-32" "-33" "-34" "-35" "-36" "-37" "-38" "-39" "-40" "-41" "-42" "-43" "-44" "-45" "-46" "-47" "-48" "-49" "-50" "-51" "-52"
[53] "-53" "-54" "-55" "-56" "-57" "-58" "-59" "-60" "-61" "-62" "-63" "-64"

$merge
   [,1] [,2]
1    -5   -6
2    -7   -8
3   -10  -11
4   -13  -14
5   -16  -17
6   -19  -20
7   -23  -24
8   -25  -26
9   -28  -29
10  -31  -32
11  -33  -34
12  -35  -36
13  -40  -41
14  -44  -45
15  -49  -50
16  -51  -52
17  -53  -54
18  -55  -56
19  -57  -58
20  -59  -60
21  -63  -64
22   -3   -4
23    1    2
24  -15    5
25  -18    6
26  -22    7
27    8  -27
28   12  -37
29  -39   13
30  -43   14
31  -48   15
32   16   17
33   20  -61
34  -62   21
35   -2   22
36   23   -9
37    4   24
38  -21   26
39   27    9
40   11   28
41   30  -46
42   31   32
43   19   33
44   -1   35
45   36    3
46  -12   37
47   25   38
48   39  -30
49   40  -38
50   41  -47
51   43   34
52   10   49
53  -42   50
54   45   46
55   52   29
56   53   42
57   44   54
58   55   56
59   57   47
60   48   58
61   59   60
62   61   18
63   62   51

$commitment_time
       1        2        3        4        5        6        7        8        9       10       11       12       13       14       15       16       17 
9.743523 6.979463 4.950680 8.998064 8.407619 5.365634 9.408967 9.764554 9.496904 8.883963 8.926238 9.522521 8.955896 9.700239 7.511046 9.564209 7.518271 
      18       19       20       21       22       23       24       25       26       27       28       29       30       31       32       33       34 
5.474240 9.633263 7.946232 9.449055 8.979316 6.499992 7.971578 3.967453 4.470756 9.019453 8.448866 8.488161 7.066226 5.346839 7.121609 7.536715 8.345581 
      35       36       37       38       39       40       41       42       43       44       45       46       47       48       49       50       51 
6.439695 5.586785 7.551222 4.071076 7.102322 7.021523 6.530046 4.982483 7.040006 5.435518 4.549462 6.555310 3.545057 4.024590 6.467798 5.516752 5.409425 
      52       53       54       55       56       57       58       59       60       61       62       63 
6.048453 4.925030 4.048718 5.639561 4.515155 3.515326 4.095131 3.110004 3.484560 2.730079 2.341159 1.873453 

$commitment_bias
        [,1]      [,2]
63 0.4076243 0.5923757
62 0.4420229 0.5579771
61 0.4535489 0.5464511
59 0.2638327 0.7361673
57 0.6391330 0.3608670
44 0.4858634 0.5141366
35 0.5306016 0.4693984
22 0.6278920 0.3721080
54 0.5179901 0.4820099
45 0.8102795 0.1897205
36 0.6208667 0.3791333
23 0.4168109 0.5831891
1  0.2761695 0.7238305
2  0.5185686 0.4814314
3  0.4748656 0.5251344
46 0.5495191 0.4504809
37 0.4162438 0.5837562
4  0.6788336 0.3211664
24 0.5696754 0.4303246
5  0.5846236 0.4153764
47 0.6714501 0.3285499
25 0.6192179 0.3807821
6  0.4430877 0.5569123
38 0.2896465 0.7103535
26 0.3393749 0.6606251
7  0.4182029 0.5817971
60 0.2772077 0.7227923
48 0.4513385 0.5486615
39 0.4312787 0.5687213
27 0.6047993 0.3952007
8  0.6311689 0.3688311
9  0.5381388 0.4618612
58 0.7360942 0.2639058
55 0.2071082 0.7928918
52 0.3559040 0.6440960
10 0.5489092 0.4510908
49 0.7401518 0.2598482
40 0.3839669 0.6160331
11 0.1607107 0.8392893
28 0.2861347 0.7138653
12 0.5838732 0.4161268
29 0.5346014 0.4653986
13 0.3508362 0.6491638
56 0.6646240 0.3353760
53 0.7069327 0.2930673
50 0.6706062 0.3293938
41 0.3754075 0.6245925
30 0.7379617 0.2620383
14 0.7352199 0.2647801
42 0.3788196 0.6211804
31 0.5258915 0.4741085
15 0.4209139 0.5790861
32 0.3010981 0.6989019
16 0.5646036 0.4353964
17 0.4410868 0.5589132
18 0.8116776 0.1883224
51 0.2300152 0.7699848
43 0.3732503 0.6267497
19 0.7484427 0.2515573
33 0.5596417 0.4403583
20 0.5935284 0.4064716
34 0.5266200 0.4733800
21 0.6817303 0.3182697

$`doubling time`
   1    2    3    4    5    6    7    8    9   10   11   12   13   14   15   16   17   18   19   20   21   22   23   24   25   26   27   28   29   30   31   32 
0.35 0.35 0.35 0.35 0.35 0.35 0.35 0.35 0.35 0.35 0.35 0.35 0.35 0.35 0.35 0.35 0.35 0.35 0.35 0.35 0.35 0.35 0.35 0.35 0.35 0.35 0.35 0.35 0.35 0.35 0.35 0.35 
  33   34   35   36   37   38   39   40   41   42   43   44   45   46   47   48   49   50   51   52   53   54   55   56   57   58   59   60   61   62   63   -1 
0.35 0.35 0.35 0.35 0.35 0.35 0.35 0.35 0.35 0.35 0.35 0.35 0.35 0.35 0.35 0.35 0.35 0.35 0.35 0.35 0.35 0.35 0.35 0.35 0.35 0.35 0.35 0.35 0.35 0.35 0.45 0.35 
  -2   -3   -4   -5   -6   -7   -8   -9  -10  -11  -12  -13  -14  -15  -16  -17  -18  -19  -20  -21  -22  -23  -24  -25  -26  -27  -28  -29  -30  -31  -32  -33 
0.35 0.35 0.35 0.35 0.35 0.35 0.35 0.35 0.35 0.35 0.35 0.35 0.35 0.35 0.35 0.35 0.35 0.35 0.35 0.35 0.35 0.35 0.35 0.35 0.35 0.35 0.35 0.35 0.35 0.35 0.35 0.35 
 -34  -35  -36  -37  -38  -39  -40  -41  -42  -43  -44  -45  -46  -47  -48  -49  -50  -51  -52  -53  -54  -55  -56  -57  -58  -59  -60  -61  -62  -63  -64 
0.35 0.35 0.35 0.35 0.35 0.35 0.35 0.35 0.35 0.35 0.35 0.35 0.35 0.35 0.35 0.35 0.35 0.35 0.35 0.35 0.35 0.35 0.35 0.35 0.35 0.35 0.35 0.35 0.35 0.35 0.35 

$founder_size
[1] 1

$target_time
[1] 15

$commitment_side
   [,1] [,2] 
1  "1"  "-5" 
2  "2"  "-7" 
3  "3"  "-10"
4  "4"  "-13"
5  "5"  "-16"
6  "6"  "-19"
7  "7"  "-23"
8  "8"  "-25"
9  "9"  "-28"
10 "10" "-31"
11 "11" "-33"
12 "12" "-35"
13 "13" "-40"
14 "14" "-44"
15 "15" "-49"
16 "16" "-51"
17 "17" "-53"
18 "18" "-55"
19 "19" "-57"
20 "20" "-59"
21 "21" "-63"
22 "22" "-3" 
23 "23" "1"  
24 "24" "-15"
25 "25" "-18"
26 "26" "-22"
27 "27" "8"  
28 "28" "12" 
29 "29" "-39"
30 "30" "-43"
31 "31" "-48"
32 "32" "16" 
33 "33" "20" 
34 "34" "-62"
35 "35" "-2" 
36 "36" "23" 
37 "37" "4"  
38 "38" "-21"
39 "39" "27" 
40 "40" "11" 
41 "41" "30" 
42 "42" "31" 
43 "43" "19" 
44 "44" "-1" 
45 "45" "36" 
46 "46" "-12"
47 "47" "25" 
48 "48" "39" 
49 "49" "40" 
50 "50" "41" 
51 "51" "43" 
52 "52" "10" 
53 "53" "-42"
54 "54" "45" 
55 "55" "52" 
56 "56" "53" 
57 "57" "44" 
58 "58" "55" 
59 "59" "57" 
60 "60" "48" 
61 "61" "59" 
62 "62" "61" 
63 "63" "62" 

$edges
    in_node out_node length
1         1       -5   5.75
2         1       -6   5.75
3         2       -7   8.55
4         2       -8   8.55
5         3      -10  10.65
6         3      -11  10.65
7         4      -13   6.45
8         4      -14   6.45
9         5      -16   7.15
10        5      -17   7.15
11        6      -19  10.30
12        6      -20  10.30
13        7      -23   6.10
14        7      -24   6.10
15        8      -25   5.75
16        8      -26   5.75
17        9      -28   6.10
18        9      -29   6.10
19       10      -31   6.80
20       10      -32   6.80
21       11      -33   6.45
22       11      -34   6.45
23       12      -35   6.10
24       12      -36   6.10
25       13      -40   6.45
26       13      -41   6.45
27       14      -44   5.75
28       14      -45   5.75
29       15      -49   7.85
30       15      -50   7.85
31       16      -51   6.10
32       16      -52   6.10
33       17      -53   7.85
34       17      -54   7.85
35       18      -55   9.95
36       18      -56   9.95
37       19      -57   5.75
38       19      -58   5.75
39       20      -59   7.50
40       20      -60   7.50
41       21      -63   6.10
42       21      -64   6.10
43       22       -3   6.45
44       22       -4   6.45
45       23        1   3.15
46       23        2   0.35
47       24      -15   7.50
48       24        5   0.35
49       25      -18  11.70
50       25        6   1.40
51       26      -22  11.00
52       26        7   4.90
53       27        8   0.70
54       27      -27   6.45
55       28       12   1.05
56       28      -37   7.15
57       29      -39   7.15
58       29       13   0.70
59       30      -43   8.55
60       30       14   2.80
61       31      -48  10.30
62       31       15   2.45
63       32       16   2.45
64       32       17   0.70
65       33       20   0.35
66       33      -61   7.85
67       34      -62   7.15
68       34       21   1.05
69       35       -2   9.25
70       35       22   2.80
71       36       23   1.05
72       36       -9   9.95
73       37        4   1.40
74       37       24   0.35
75       38      -21  11.35
76       38       26   0.35
77       39       27   2.10
78       39        9   2.45
79       40       11   2.10
80       40       28   1.40
81       41       30   0.35
82       41      -46   8.90
83       42       31   0.35
84       42       32   2.10
85       43       19   2.80
86       43       33   0.70
87       44       -1   9.95
88       44       35   0.70
89       45       36   1.05
90       45        3   0.35
91       46      -12   8.90
92       46       37   1.05
93       47       25   0.35
94       47       38   0.70
95       48       39   2.80
96       48      -30  11.35
97       49       40   0.35
98       49      -38   8.90
99       50       41   1.05
100      50      -47   9.95
101      51       43   1.40
102      51       34   2.80
103      52       10   2.80
104      52       49   0.70
105      53      -42  10.65
106      53       50   0.70
107      54       45   0.35
108      54       46   2.45
109      55       52   0.35
110      55       29   2.80
111      56       53   0.35
112      56       42   0.35
113      57       44   2.10
114      57       54   0.70
115      58       55   1.40
116      58       56   0.35
117      59       57   0.35
118      59       47   0.35
119      60       48   0.70
120      60       58   0.70
121      61       59   0.35
122      61       60   0.70
123      62       61   0.45
124      62       18   3.25
125      63       62   0.45
126      63       51   3.70

$root_state_time
[1] 1.35

