$root_state
[1] "63"

$progenitor_states
 [1] "1"  "2"  "3"  "4"  "5"  "6"  "7"  "8"  "9"  "10" "11" "12" "13" "14" "15" "16" "17" "18" "19" "20" "21" "22" "23" "24" "25" "26" "27" "28" "29" "30" "31"
[32] "32" "33" "34" "35" "36" "37" "38" "39" "40" "41" "42" "43" "44" "45" "46" "47" "48" "49" "50" "51" "52" "53" "54" "55" "56" "57" "58" "59" "60" "61" "62"
[63] "63"

$terminal_states
 [1] "-1"  "-2"  "-3"  "-4"  "-5"  "-6"  "-7"  "-8"  "-9"  "-10" "-11" "-12" "-13" "-14" "-15" "-16" "-17" "-18" "-19" "-20" "-21" "-22" "-23" "-24" "-25" "-26"
[27] "-27" "-28" "-29" "-30" "-31" "-32" "-33" "-34" "-35" "-36" "-37" "-38" "-39" "-40" "-41" "-42" "-43" "-44" "-45" "-46" "-47" "-48" "-49" "-50" "-51" "-52"
[53] "-53" "-54" "-55" "-56" "-57" "-58" "-59" "-60" "-61" "-62" "-63" "-64"

$merge
   [,1] [,2]
1    -5   -6
2    -7   -8
3    -9  -10
4   -15  -16
5   -20  -21
6   -23  -24
7   -26  -27
8   -29  -30
9   -34  -35
10  -38  -39
11  -40  -41
12  -43  -44
13  -45  -46
14  -47  -48
15  -51  -52
16  -55  -56
17  -57  -58
18  -59  -60
19  -62  -63
20   -2   -3
21    1    2
22    3  -11
23  -14    4
24    5  -22
25  -25    7
26    8  -31
27    9  -36
28  -37   10
29  -42   12
30   14  -49
31   15  -53
32   20   -4
33   18  -61
34   19  -64
35   23  -17
36   24    6
37   25  -28
38   26  -32
39   30  -50
40   17   33
41   21   22
42   35  -18
43  -19   36
44   37   38
45   39   31
46   16   40
47   41  -12
48  -13   42
49   44  -33
50   13   45
51   32   47
52   43   49
53   51   48
54   50  -54
55   52   27
56   -1   53
57   54   46
58   55   28
59   58   11
60   59   29
61   60   57
62   56   61
63   62   34

$commitment_time
       1        2        3        4        5        6        7        8        9       10       11       12       13       14       15       16       17 
6.194813 9.234833 8.627493 9.725771 9.158767 8.644130 9.760682 9.179646 7.218636 9.268387 5.352601 7.209204 8.726113 9.323810 8.105208 5.273685 7.635679 
      18       19       20       21       22       23       24       25       26       27       28       29       30       31       32       33       34 
9.212169 9.331734 8.673574 5.361876 5.333320 8.148090 8.554911 9.363786 8.583634 6.769309 8.663960 3.564500 8.777720 6.621675 4.424861 8.617727 7.720078 
      35       36       37       38       39       40       41       42       43       44       45       46       47       48       49       50       51 
7.731344 8.185480 7.665635 8.161788 7.198883 5.402380 4.863033 6.795205 6.655245 7.240976 6.241056 3.516734 4.484523 3.961006 6.680850 5.833075 4.037590 
      52       53       54       55       56       57       58       59       60       61       62       63 
5.819992 3.588016 5.317603 5.433339 3.099669 3.110797 4.894891 4.441699 3.136036 2.713442 2.332483 1.851913 

$commitment_bias
         [,1]      [,2]
63 0.51411924 0.4858808
62 0.65775286 0.3422471
56 0.60494874 0.3950513
53 0.35788965 0.6421103
51 0.22376090 0.7762391
32 0.71499736 0.2850026
20 0.28229112 0.7177089
47 0.34239236 0.6576076
41 0.58070102 0.4192990
21 0.55086106 0.4491389
1  0.58583470 0.4141653
2  0.45713575 0.5428642
22 0.41799382 0.5820062
3  0.58297678 0.4170232
48 0.50624592 0.4937541
42 0.79873770 0.2012623
35 0.31419937 0.6858006
23 0.57154654 0.4284535
4  0.61292571 0.3870743
61 0.54236201 0.4576380
60 0.16196678 0.8380332
59 0.56165049 0.4383495
58 0.61660685 0.3833931
55 0.47208804 0.5279120
52 0.34246393 0.6575361
43 0.47707520 0.5229248
36 0.42997352 0.5700265
24 0.55077409 0.4492259
5  0.50605213 0.4939479
6  0.48727273 0.5127273
49 0.08756731 0.9124327
44 0.53722936 0.4627706
37 0.63807749 0.3619225
25 0.40049664 0.5995034
7  0.57261268 0.4273873
38 0.67125233 0.3287477
26 0.47016331 0.5298367
8  0.55249334 0.4475067
27 0.50146896 0.4985310
9  0.31581823 0.6841818
28 0.54669536 0.4533046
10 0.57673241 0.4232676
11 0.48853418 0.5114658
29 0.36819961 0.6318004
12 0.46285664 0.5371434
57 0.53829460 0.4617054
54 0.55871742 0.4412826
50 0.37097381 0.6290262
13 0.51395005 0.4860499
45 0.59458279 0.4054172
39 0.50932266 0.4906773
30 0.71165343 0.2883466
14 0.68503495 0.3149651
31 0.42642363 0.5735764
15 0.65590166 0.3440983
46 0.16595048 0.8340495
16 0.57999287 0.4200071
40 0.49000616 0.5099938
17 0.52373796 0.4762620
33 0.23275722 0.7672428
18 0.53179956 0.4682004
34 0.37938378 0.6206162
19 0.50515276 0.4948472

$`doubling time`
   1    2    3    4    5    6    7    8    9   10   11   12   13   14   15   16   17   18   19   20   21   22   23   24   25   26   27   28   29   30   31   32 
0.35 0.35 0.35 0.35 0.35 0.35 0.35 0.35 0.35 0.35 0.35 0.35 0.35 0.35 0.35 0.35 0.35 0.35 0.35 0.35 0.35 0.35 0.35 0.35 0.35 0.35 0.35 0.35 0.35 0.35 0.35 0.35 
  33   34   35   36   37   38   39   40   41   42   43   44   45   46   47   48   49   50   51   52   53   54   55   56   57   58   59   60   61   62   63   -1 
0.35 0.35 0.35 0.35 0.35 0.35 0.35 0.35 0.35 0.35 0.35 0.35 0.35 0.35 0.35 0.35 0.35 0.35 0.35 0.35 0.35 0.35 0.35 0.35 0.35 0.35 0.35 0.35 0.35 0.35 0.45 0.35 
  -2   -3   -4   -5   -6   -7   -8   -9  -10  -11  -12  -13  -14  -15  -16  -17  -18  -19  -20  -21  -22  -23  -24  -25  -26  -27  -28  -29  -30  -31  -32  -33 
0.35 0.35 0.35 0.35 0.35 0.35 0.35 0.35 0.35 0.35 0.35 0.35 0.35 0.35 0.35 0.35 0.35 0.35 0.35 0.35 0.35 0.35 0.35 0.35 0.35 0.35 0.35 0.35 0.35 0.35 0.35 0.35 
 -34  -35  -36  -37  -38  -39  -40  -41  -42  -43  -44  -45  -46  -47  -48  -49  -50  -51  -52  -53  -54  -55  -56  -57  -58  -59  -60  -61  -62  -63  -64 
0.35 0.35 0.35 0.35 0.35 0.35 0.35 0.35 0.35 0.35 0.35 0.35 0.35 0.35 0.35 0.35 0.35 0.35 0.35 0.35 0.35 0.35 0.35 0.35 0.35 0.35 0.35 0.35 0.35 0.35 0.35 

$founder_size
[1] 1

$target_time
[1] 15

$commitment_side
   [,1] [,2] 
1  "1"  "-5" 
2  "2"  "-7" 
3  "3"  "-9" 
4  "4"  "-15"
5  "5"  "-20"
6  "6"  "-23"
7  "7"  "-26"
8  "8"  "-29"
9  "9"  "-34"
10 "10" "-38"
11 "11" "-40"
12 "12" "-43"
13 "13" "-45"
14 "14" "-47"
15 "15" "-51"
16 "16" "-55"
17 "17" "-57"
18 "18" "-59"
19 "19" "-62"
20 "20" "-2" 
21 "21" "1"  
22 "22" "3"  
23 "23" "-14"
24 "24" "5"  
25 "25" "-25"
26 "26" "8"  
27 "27" "9"  
28 "28" "-37"
29 "29" "-42"
30 "30" "14" 
31 "31" "15" 
32 "32" "20" 
33 "33" "18" 
34 "34" "19" 
35 "35" "23" 
36 "36" "24" 
37 "37" "25" 
38 "38" "26" 
39 "39" "30" 
40 "40" "17" 
41 "41" "21" 
42 "42" "35" 
43 "43" "-19"
44 "44" "37" 
45 "45" "39" 
46 "46" "16" 
47 "47" "41" 
48 "48" "-13"
49 "49" "44" 
50 "50" "13" 
51 "51" "32" 
52 "52" "43" 
53 "53" "51" 
54 "54" "50" 
55 "55" "52" 
56 "56" "-1" 
57 "57" "54" 
58 "58" "55" 
59 "59" "58" 
60 "60" "59" 
61 "61" "60" 
62 "62" "56" 
63 "63" "62" 

$edges
    in_node out_node length
1         1       -5   9.25
2         1       -6   9.25
3         2       -7   6.45
4         2       -8   6.45
5         3       -9   6.80
6         3      -10   6.80
7         4      -15   5.75
8         4      -16   5.75
9         5      -20   6.45
10        5      -21   6.45
11        6      -23   6.80
12        6      -24   6.80
13        7      -26   5.75
14        7      -27   5.75
15        8      -29   6.45
16        8      -30   6.45
17        9      -34   8.20
18        9      -35   8.20
19       10      -38   6.10
20       10      -39   6.10
21       11      -40  10.30
22       11      -41  10.30
23       12      -43   8.20
24       12      -44   8.20
25       13      -45   6.80
26       13      -46   6.80
27       14      -47   6.10
28       14      -48   6.10
29       15      -51   7.50
30       15      -52   7.50
31       16      -55  10.30
32       16      -56  10.30
33       17      -57   7.85
34       17      -58   7.85
35       18      -59   6.45
36       18      -60   6.45
37       19      -62   6.10
38       19      -63   6.10
39       20       -2   6.80
40       20       -3   6.80
41       21        1   1.05
42       21        2   3.85
43       22        3   3.50
44       22      -11  10.30
45       23      -14   7.50
46       23        4   1.75
47       24        5   0.35
48       24      -22   6.80
49       25      -25   6.10
50       25        7   0.35
51       26        8   0.35
52       26      -31   6.80
53       27        9   0.70
54       27      -36   8.90
55       28      -37   6.80
56       28       10   0.70
57       29      -42  12.05
58       29       12   3.85
59       30       14   0.70
60       30      -49   6.80
61       31       15   1.40
62       31      -53   8.90
63       32       20   4.20
64       32       -4  11.00
65       33       18   0.35
66       33      -61   6.80
67       34       19   1.75
68       34      -64   7.85
69       35       23   0.35
70       35      -17   7.85
71       36       24   0.70
72       36        6   0.70
73       37       25   1.75
74       37      -28   7.85
75       38       26   0.70
76       38      -32   7.50
77       39       30   1.40
78       39      -50   8.20
79       40       17   2.10
80       40       33   3.15
81       41       21   0.35
82       41       22   0.35
83       42       35   1.05
84       42      -18   8.90
85       43      -19   8.90
86       43       36   1.40
87       44       37   0.35
88       44       38   0.70
89       45       39   1.05
90       45       31   0.35
91       46       16   1.75
92       46       40   2.10
93       47       41   0.35
94       47      -12  11.00
95       48      -13  11.70
96       48       42   2.80
97       49       44   0.70
98       49      -33   8.90
99       50       13   2.80
100      50       45   0.35
101      51       32   0.35
102      51       47   0.35
103      52       43   0.70
104      52       49   0.70
105      53       51   0.70
106      53       48   0.35
107      54       50   0.70
108      54      -54  10.30
109      55       52   0.35
110      55       27   1.05
111      56       -1  12.40
112      56       53   0.35
113      57       54   2.10
114      57       46   0.35
115      58       55   0.70
116      58       28   3.85
117      59       58   0.35
118      59       11   0.70
119      60       59   1.40
120      60       29   0.35
121      61       60   0.35
122      61       57   0.35
123      62       56   0.80
124      62       61   0.45
125      63       62   0.45
126      63       34   5.80

$root_state_time
[1] 1.35

