$root_state
[1] "63"

$progenitor_states
 [1] "1"  "2"  "3"  "4"  "5"  "6"  "7"  "8"  "9"  "10" "11" "12" "13" "14" "15" "16" "17" "18" "19" "20" "21" "22" "23" "24" "25" "26" "27" "28" "29" "30" "31"
[32] "32" "33" "34" "35" "36" "37" "38" "39" "40" "41" "42" "43" "44" "45" "46" "47" "48" "49" "50" "51" "52" "53" "54" "55" "56" "57" "58" "59" "60" "61" "62"
[63] "63"

$terminal_states
 [1] "-1"  "-2"  "-3"  "-4"  "-5"  "-6"  "-7"  "-8"  "-9"  "-10" "-11" "-12" "-13" "-14" "-15" "-16" "-17" "-18" "-19" "-20" "-21" "-22" "-23" "-24" "-25" "-26"
[27] "-27" "-28" "-29" "-30" "-31" "-32" "-33" "-34" "-35" "-36" "-37" "-38" "-39" "-40" "-41" "-42" "-43" "-44" "-45" "-46" "-47" "-48" "-49" "-50" "-51" "-52"
[53] "-53" "-54" "-55" "-56" "-57" "-58" "-59" "-60" "-61" "-62" "-63" "-64"

$merge
   [,1] [,2]
1    -8   -9
2   -11  -12
3   -13  -14
4   -16  -17
5   -20  -21
6   -23  -24
7   -27  -28
8   -33  -34
9   -36  -37
10   -2   -3
11  -41  -42
12  -43  -44
13  -47  -48
14  -49  -50
15  -51  -52
16  -53  -54
17  -56  -57
18   -4   -5
19  -58  -59
20   -6   -7
21    1  -10
22  -15    4
23  -19    5
24    6  -25
25   -1   10
26    7  -29
27  -32    8
28  -40   11
29   12  -45
30   18   20
31  -46   13
32   14   15
33   19  -60
34   21    2
35   22  -18
36   25   30
37   24  -26
38  -31   27
39  -39   28
40   31   32
41   33  -61
42    3   35
43   37   26
44  -30   38
45  -38   39
46   40   16
47   41  -62
48   42   23
49   44  -35
50   46  -55
51   47  -63
52   48  -22
53   49    9
54   29   50
55   17   51
56   43   53
57   54   55
58   56   45
59   58   57
60   52   59
61   34   60
62   61  -64
63   36   62

$commitment_time
       1        2        3        4        5        6        7        8        9       10       11       12       13       14       15       16       17 
7.244240 7.657170 8.055071 9.770252 9.783807 8.923595 8.461097 9.742420 7.620242 9.715012 8.895491 6.824714 9.311155 9.332973 8.077353 6.860657 9.755453 
      18       19       20       21       22       23       24       25       26       27       28       29       30       31       32       33       34 
7.631219 8.507395 9.734619 6.886308 9.346951 8.930237 8.518093 6.048165 5.994521 8.488613 6.061637 6.007496 7.262720 8.907522 7.642125 8.088701 6.068468 
      35       36       37       38       39       40       41       42       43       44       45       46       47       48       49       50       51 
8.941854 3.746656 8.096569 6.084626 5.227906 6.841254 7.680734 7.672190 4.483241 5.613413 4.874762 6.459729 6.846030 6.024993 5.252513 6.087918 5.240298 
      52       53       54       55       56       57       58       59       60       61       62       63 
5.619626 4.863410 5.627611 4.850553 4.119692 4.487801 3.756790 3.385160 3.009943 2.638997 2.281623 1.808645 

$commitment_bias
        [,1]      [,2]
63 0.4501423 0.5498577
36 0.3407527 0.6592473
25 0.5672841 0.4327159
10 0.3686780 0.6313220
30 0.4540204 0.5459796
18 0.6735040 0.3264960
20 0.3816800 0.6183200
62 0.3676713 0.6323287
61 0.4875340 0.5124660
34 0.3547871 0.6452129
21 0.2248650 0.7751350
1  0.3904410 0.6095590
2  0.7610822 0.2389178
60 0.2517995 0.7482005
52 0.3858153 0.6141847
48 0.6639587 0.3360413
42 0.4487185 0.5512815
3  0.5584115 0.4415885
35 0.5569690 0.4430310
22 0.3438269 0.6561731
4  0.5000804 0.4999196
23 0.8251738 0.1748262
5  0.3048394 0.6951606
59 0.3283751 0.6716249
58 0.2655683 0.7344317
56 0.6125110 0.3874890
43 0.5416484 0.4583516
37 0.4433876 0.5566124
24 0.6137277 0.3862723
6  0.2699371 0.7300629
26 0.6412664 0.3587336
7  0.6348682 0.3651318
53 0.4158074 0.5841926
49 0.3188170 0.6811830
44 0.6223706 0.3776294
38 0.5273822 0.4726178
27 0.3790980 0.6209020
8  0.4337765 0.5662235
9  0.6401314 0.3598686
45 0.5660525 0.4339475
39 0.5446259 0.4553741
28 0.4214534 0.5785466
11 0.6211214 0.3788786
57 0.4589831 0.5410169
54 0.3500720 0.6499280
29 0.5435239 0.4564761
12 0.4516132 0.5483868
50 0.5957750 0.4042250
46 0.3731999 0.6268001
40 0.5815655 0.4184345
31 0.6916497 0.3083503
13 0.5972009 0.4027991
32 0.8220014 0.1779986
14 0.5753754 0.4246246
15 0.3347655 0.6652345
16 0.5406502 0.4593498
55 0.1015682 0.8984318
17 0.6463638 0.3536362
51 0.6928434 0.3071566
47 0.5370175 0.4629825
41 0.5460593 0.4539407
33 0.2699192 0.7300808
19 0.5743586 0.4256414

$`doubling time`
   1    2    3    4    5    6    7    8    9   10   11   12   13   14   15   16   17   18   19   20   21   22   23   24   25   26   27   28   29   30   31   32 
0.35 0.35 0.35 0.35 0.35 0.35 0.35 0.35 0.35 0.35 0.35 0.35 0.35 0.35 0.35 0.35 0.35 0.35 0.35 0.35 0.35 0.35 0.35 0.35 0.35 0.35 0.35 0.35 0.35 0.35 0.35 0.35 
  33   34   35   36   37   38   39   40   41   42   43   44   45   46   47   48   49   50   51   52   53   54   55   56   57   58   59   60   61   62   63   -1 
0.35 0.35 0.35 0.35 0.35 0.35 0.35 0.35 0.35 0.35 0.35 0.35 0.35 0.35 0.35 0.35 0.35 0.35 0.35 0.35 0.35 0.35 0.35 0.35 0.35 0.35 0.35 0.35 0.35 0.35 0.45 0.35 
  -2   -3   -4   -5   -6   -7   -8   -9  -10  -11  -12  -13  -14  -15  -16  -17  -18  -19  -20  -21  -22  -23  -24  -25  -26  -27  -28  -29  -30  -31  -32  -33 
0.35 0.35 0.35 0.35 0.35 0.35 0.35 0.35 0.35 0.35 0.35 0.35 0.35 0.35 0.35 0.35 0.35 0.35 0.35 0.35 0.35 0.35 0.35 0.35 0.35 0.35 0.35 0.35 0.35 0.35 0.35 0.35 
 -34  -35  -36  -37  -38  -39  -40  -41  -42  -43  -44  -45  -46  -47  -48  -49  -50  -51  -52  -53  -54  -55  -56  -57  -58  -59  -60  -61  -62  -63  -64 
0.35 0.35 0.35 0.35 0.35 0.35 0.35 0.35 0.35 0.35 0.35 0.35 0.35 0.35 0.35 0.35 0.35 0.35 0.35 0.35 0.35 0.35 0.35 0.35 0.35 0.35 0.35 0.35 0.35 0.35 0.35 

$founder_size
[1] 1

$target_time
[1] 15

$commitment_side
   [,1] [,2] 
1  "1"  "-8" 
2  "2"  "-11"
3  "3"  "-13"
4  "4"  "-16"
5  "5"  "-20"
6  "6"  "-23"
7  "7"  "-27"
8  "8"  "-33"
9  "9"  "-36"
10 "10" "-2" 
11 "11" "-41"
12 "12" "-43"
13 "13" "-47"
14 "14" "-49"
15 "15" "-51"
16 "16" "-53"
17 "17" "-56"
18 "18" "-4" 
19 "19" "-58"
20 "20" "-6" 
21 "21" "1"  
22 "22" "-15"
23 "23" "-19"
24 "24" "6"  
25 "25" "-1" 
26 "26" "7"  
27 "27" "-32"
28 "28" "-40"
29 "29" "12" 
30 "30" "18" 
31 "31" "-46"
32 "32" "14" 
33 "33" "19" 
34 "34" "21" 
35 "35" "22" 
36 "36" "25" 
37 "37" "24" 
38 "38" "-31"
39 "39" "-39"
40 "40" "31" 
41 "41" "33" 
42 "42" "3"  
43 "43" "37" 
44 "44" "-30"
45 "45" "-38"
46 "46" "40" 
47 "47" "41" 
48 "48" "42" 
49 "49" "44" 
50 "50" "46" 
51 "51" "47" 
52 "52" "48" 
53 "53" "49" 
54 "54" "29" 
55 "55" "17" 
56 "56" "43" 
57 "57" "54" 
58 "58" "56" 
59 "59" "58" 
60 "60" "52" 
61 "61" "34" 
62 "62" "61" 
63 "63" "36" 

$edges
    in_node out_node length
1         1       -8   8.20
2         1       -9   8.20
3         2      -11   7.85
4         2      -12   7.85
5         3      -13   7.50
6         3      -14   7.50
7         4      -16   5.75
8         4      -17   5.75
9         5      -20   5.75
10        5      -21   5.75
11        6      -23   6.45
12        6      -24   6.45
13        7      -27   7.15
14        7      -28   7.15
15        8      -33   5.75
16        8      -34   5.75
17        9      -36   7.85
18        9      -37   7.85
19       10       -2   5.75
20       10       -3   5.75
21       11      -41   6.80
22       11      -42   6.80
23       12      -43   8.55
24       12      -44   8.55
25       13      -47   6.10
26       13      -48   6.10
27       14      -49   6.10
28       14      -50   6.10
29       15      -51   7.50
30       15      -52   7.50
31       16      -53   8.55
32       16      -54   8.55
33       17      -56   5.75
34       17      -57   5.75
35       18       -4   7.85
36       18       -5   7.85
37       19      -58   7.15
38       19      -59   7.15
39       20       -6   5.75
40       20       -7   5.75
41       21        1   0.35
42       21      -10   8.55
43       22      -15   6.10
44       22        4   0.35
45       23      -19   6.45
46       23        5   0.70
47       24        6   0.70
48       24      -25   7.15
49       25       -1   9.60
50       25       10   3.85
51       26        7   2.45
52       26      -29   9.60
53       27      -32   7.15
54       27        8   1.40
55       28      -40   9.60
56       28       11   2.80
57       29       12   1.05
58       29      -45   9.60
59       30       18   0.35
60       30       20   2.45
61       31      -46   6.45
62       31       13   0.35
63       32       14   1.75
64       32       15   0.35
65       33       19   0.35
66       33      -60   7.50
67       34       21   1.05
68       34        2   1.75
69       35       22   0.35
70       35      -18   6.45
71       36       25   2.10
72       36       30   3.50
73       37       24   0.35
74       37      -26   7.50
75       38      -31   9.60
76       38       27   2.45
77       39      -39  10.30
78       39       28   0.70
79       40       31   2.10
80       40       32   0.70
81       41       33   0.35
82       41      -61   7.85
83       42        3   0.35
84       42       35   1.40
85       43       37   3.50
86       43       26   1.40
87       44      -30   9.95
88       44       38   0.35
89       45      -38  10.65
90       45       39   0.35
91       46       40   0.35
92       46       16   0.35
93       47       41   0.70
94       47      -62   8.55
95       48       42   1.75
96       48       23   3.15
97       49       44   0.35
98       49      -35  10.30
99       50       46   0.70
100      50      -55   9.60
101      51       47   1.75
102      51      -63  10.30
103      52       48   0.35
104      52      -22   9.95
105      53       49   0.35
106      53        9   2.80
107      54       29   0.35
108      54       50   0.35
109      55       17   4.90
110      55       51   0.35
111      56       43   0.35
112      56       53   0.70
113      57       54   1.05
114      57       55   0.35
115      58       56   0.35
116      58       45   1.05
117      59       58   0.35
118      59       57   1.05
119      60       52   2.45
120      60       59   0.35
121      61       34   3.15
122      61       60   0.35
123      62       61   0.45
124      62      -64  13.20
125      63       36   1.95
126      63       62   0.45

$root_state_time
[1] 1.35

