$root_state
[1] "63"

$progenitor_states
 [1] "1"  "2"  "3"  "4"  "5"  "6"  "7"  "8"  "9"  "10" "11" "12" "13" "14" "15" "16" "17" "18" "19" "20" "21" "22" "23" "24" "25" "26" "27" "28" "29" "30" "31"
[32] "32" "33" "34" "35" "36" "37" "38" "39" "40" "41" "42" "43" "44" "45" "46" "47" "48" "49" "50" "51" "52" "53" "54" "55" "56" "57" "58" "59" "60" "61" "62"
[63] "63"

$terminal_states
 [1] "-1"  "-2"  "-3"  "-4"  "-5"  "-6"  "-7"  "-8"  "-9"  "-10" "-11" "-12" "-13" "-14" "-15" "-16" "-17" "-18" "-19" "-20" "-21" "-22" "-23" "-24" "-25" "-26"
[27] "-27" "-28" "-29" "-30" "-31" "-32" "-33" "-34" "-35" "-36" "-37" "-38" "-39" "-40" "-41" "-42" "-43" "-44" "-45" "-46" "-47" "-48" "-49" "-50" "-51" "-52"
[53] "-53" "-54" "-55" "-56" "-57" "-58" "-59" "-60" "-61" "-62" "-63" "-64"

$merge
   [,1] [,2]
1    -5   -6
2    -9  -10
3   -11  -12
4   -13  -14
5   -15  -16
6   -18  -19
7   -20  -21
8   -22  -23
9   -25  -26
10  -27  -28
11  -32  -33
12  -34  -35
13  -37  -38
14  -41  -42
15  -46  -47
16  -50  -51
17  -52  -53
18  -54  -55
19  -56  -57
20  -60  -61
21  -63  -64
22   -3   -4
23    1   -7
24   -8    2
25    6    7
26  -24    9
27   10  -29
28  -31   11
29   12  -36
30  -40   14
31   15  -48
32   16   17
33   -2   22
34   20  -62
35   24    3
36    8   26
37   29   13
38   31  -49
39   32   18
40  -59   34
41   23   35
42   25   36
43   28   37
44  -45   38
45   39   19
46   40   21
47  -17   42
48  -30   43
49  -44   44
50   41    4
51    5   47
52   27   48
53  -43   49
54   52  -39
55   30   53
56   51   54
57   55   45
58   50   56
59   33   58
60   59   57
61   60  -58
62   61   46
63   -1   62

$commitment_time
       1        2        3        4        5        6        7        8        9       10       11       12       13       14       15       16       17 
9.204866 9.196894 9.237467 8.239519 5.582818 9.139727 9.386772 8.251012 9.778351 7.868180 9.250155 7.823666 8.329185 9.154684 9.351177 9.279377 7.790372 
      18       19       20       21       22       23       24       25       26       27       28       29       30       31       32       33       34 
9.305484 6.960414 8.306512 8.736281 5.137573 6.844091 6.401705 6.914327 9.410943 6.886431 8.371217 7.419599 5.532772 8.745333 7.405489 4.749398 6.379493 
      35       36       37       38       39       40       41       42       43       44       45       46       47       48       49       50       51 
6.012831 6.859955 7.041656 8.268993 7.034103 4.235816 5.644315 5.627391 6.452368 7.879191 4.654088 3.390622 5.166398 5.562717 6.978035 4.191673 4.721707 
      52       53       54       55       56       57       58       59       60       61       62       63 
5.123332 5.598700 4.681409 4.632678 4.265892 4.210612 3.798514 3.407283 3.022152 2.650187 2.263220 1.809522 

$commitment_bias
        [,1]      [,2]
63 0.5536152 0.4463848
62 0.6479802 0.3520198
61 0.2914550 0.7085450
60 0.5162587 0.4837413
59 0.4397018 0.5602982
33 0.2738242 0.7261758
22 0.5373846 0.4626154
58 0.2747287 0.7252713
50 0.7940747 0.2059253
41 0.5188842 0.4811158
23 0.5200617 0.4799383
1  0.4302763 0.5697237
35 0.4879048 0.5120952
24 0.4280690 0.5719310
2  0.8265324 0.1734676
3  0.2483245 0.7516755
4  0.2352022 0.7647978
56 0.3726213 0.6273787
51 0.5381418 0.4618582
5  0.4714603 0.5285397
47 0.7461220 0.2538780
42 0.2739923 0.7260077
25 0.3343291 0.6656709
6  0.8189214 0.1810786
7  0.7872454 0.2127546
36 0.4058485 0.5941515
8  0.4339616 0.5660384
26 0.6377067 0.3622933
9  0.3699262 0.6300738
54 0.4633000 0.5367000
52 0.6784906 0.3215094
27 0.7230090 0.2769910
10 0.4947646 0.5052354
48 0.4620595 0.5379405
43 0.4189899 0.5810101
28 0.6060909 0.3939091
11 0.7491721 0.2508279
37 0.3864916 0.6135084
29 0.3933169 0.6066831
12 0.5251668 0.4748332
13 0.2803980 0.7196020
57 0.4599944 0.5400056
55 0.6185069 0.3814931
30 0.5027298 0.4972702
14 0.4702452 0.5297548
53 0.3173623 0.6826377
49 0.5250143 0.4749857
44 0.2858669 0.7141331
38 0.5664484 0.4335516
31 0.3469462 0.6530538
15 0.6338334 0.3661666
45 0.5474352 0.4525648
39 0.5431092 0.4568908
32 0.7828119 0.2171881
16 0.2358526 0.7641474
17 0.4118705 0.5881295
18 0.6047341 0.3952659
19 0.1942286 0.8057714
46 0.5219079 0.4780921
40 0.3399129 0.6600871
34 0.5053336 0.4946664
20 0.3691071 0.6308929
21 0.7905969 0.2094031

$`doubling time`
   1    2    3    4    5    6    7    8    9   10   11   12   13   14   15   16   17   18   19   20   21   22   23   24   25   26   27   28   29   30   31   32 
0.35 0.35 0.35 0.35 0.35 0.35 0.35 0.35 0.35 0.35 0.35 0.35 0.35 0.35 0.35 0.35 0.35 0.35 0.35 0.35 0.35 0.35 0.35 0.35 0.35 0.35 0.35 0.35 0.35 0.35 0.35 0.35 
  33   34   35   36   37   38   39   40   41   42   43   44   45   46   47   48   49   50   51   52   53   54   55   56   57   58   59   60   61   62   63   -1 
0.35 0.35 0.35 0.35 0.35 0.35 0.35 0.35 0.35 0.35 0.35 0.35 0.35 0.35 0.35 0.35 0.35 0.35 0.35 0.35 0.35 0.35 0.35 0.35 0.35 0.35 0.35 0.35 0.35 0.35 0.45 0.35 
  -2   -3   -4   -5   -6   -7   -8   -9  -10  -11  -12  -13  -14  -15  -16  -17  -18  -19  -20  -21  -22  -23  -24  -25  -26  -27  -28  -29  -30  -31  -32  -33 
0.35 0.35 0.35 0.35 0.35 0.35 0.35 0.35 0.35 0.35 0.35 0.35 0.35 0.35 0.35 0.35 0.35 0.35 0.35 0.35 0.35 0.35 0.35 0.35 0.35 0.35 0.35 0.35 0.35 0.35 0.35 0.35 
 -34  -35  -36  -37  -38  -39  -40  -41  -42  -43  -44  -45  -46  -47  -48  -49  -50  -51  -52  -53  -54  -55  -56  -57  -58  -59  -60  -61  -62  -63  -64 
0.35 0.35 0.35 0.35 0.35 0.35 0.35 0.35 0.35 0.35 0.35 0.35 0.35 0.35 0.35 0.35 0.35 0.35 0.35 0.35 0.35 0.35 0.35 0.35 0.35 0.35 0.35 0.35 0.35 0.35 0.35 

$founder_size
[1] 1

$target_time
[1] 15

$commitment_side
   [,1] [,2] 
1  "1"  "-5" 
2  "2"  "-9" 
3  "3"  "-11"
4  "4"  "-13"
5  "5"  "-15"
6  "6"  "-18"
7  "7"  "-20"
8  "8"  "-22"
9  "9"  "-25"
10 "10" "-27"
11 "11" "-32"
12 "12" "-34"
13 "13" "-37"
14 "14" "-41"
15 "15" "-46"
16 "16" "-50"
17 "17" "-52"
18 "18" "-54"
19 "19" "-56"
20 "20" "-60"
21 "21" "-63"
22 "22" "-3" 
23 "23" "1"  
24 "24" "-8" 
25 "25" "6"  
26 "26" "-24"
27 "27" "10" 
28 "28" "-31"
29 "29" "12" 
30 "30" "-40"
31 "31" "15" 
32 "32" "16" 
33 "33" "-2" 
34 "34" "20" 
35 "35" "24" 
36 "36" "8"  
37 "37" "29" 
38 "38" "31" 
39 "39" "32" 
40 "40" "-59"
41 "41" "23" 
42 "42" "25" 
43 "43" "28" 
44 "44" "-45"
45 "45" "39" 
46 "46" "40" 
47 "47" "-17"
48 "48" "-30"
49 "49" "-44"
50 "50" "41" 
51 "51" "5"  
52 "52" "27" 
53 "53" "-43"
54 "54" "52" 
55 "55" "30" 
56 "56" "51" 
57 "57" "55" 
58 "58" "50" 
59 "59" "33" 
60 "60" "59" 
61 "61" "60" 
62 "62" "61" 
63 "63" "-1" 

$edges
    in_node out_node length
1         1       -5   6.45
2         1       -6   6.45
3         2       -9   6.45
4         2      -10   6.45
5         3      -11   6.45
6         3      -12   6.45
7         4      -13   7.15
8         4      -14   7.15
9         5      -15   9.95
10        5      -16   9.95
11        6      -18   6.45
12        6      -19   6.45
13        7      -20   6.10
14        7      -21   6.10
15        8      -22   7.15
16        8      -23   7.15
17        9      -25   5.75
18        9      -26   5.75
19       10      -27   7.50
20       10      -28   7.50
21       11      -32   6.10
22       11      -33   6.10
23       12      -34   7.85
24       12      -35   7.85
25       13      -37   7.15
26       13      -38   7.15
27       14      -41   6.45
28       14      -42   6.45
29       15      -46   6.10
30       15      -47   6.10
31       16      -50   6.10
32       16      -51   6.10
33       17      -52   7.85
34       17      -53   7.85
35       18      -54   6.10
36       18      -55   6.10
37       19      -56   8.55
38       19      -57   8.55
39       20      -60   7.15
40       20      -61   7.15
41       21      -63   6.80
42       21      -64   6.80
43       22       -3  10.30
44       22       -4  10.30
45       23        1   2.10
46       23       -7   8.55
47       24       -8   9.25
48       24        2   2.80
49       25        6   2.10
50       25        7   2.45
51       26      -24   6.10
52       26        9   0.35
53       27       10   1.05
54       27      -29   8.55
55       28      -31   7.15
56       28       11   1.05
57       29       12   0.35
58       29      -36   8.20
59       30      -40   9.95
60       30       14   3.50
61       31       15   0.70
62       31      -48   6.80
63       32       16   2.10
64       32       17   0.35
65       33       -2  10.65
66       33       22   0.35
67       34       20   2.10
68       34      -62   9.25
69       35       24   0.35
70       35        3   3.15
71       36        8   1.40
72       36       26   2.45
73       37       29   0.35
74       37       13   1.40
75       38       31   0.35
76       38      -49   7.15
77       39       32   0.35
78       39       18   2.45
79       40      -59  11.35
80       40       34   2.10
81       41       23   1.40
82       41       35   0.35
83       42       25   1.40
84       42       36   1.40
85       43       28   1.75
86       43       37   0.35
87       44      -45   7.50
88       44       38   0.35
89       45       39   2.45
90       45       19   2.45
91       46       40   0.70
92       46       21   5.25
93       47      -17  10.30
94       47       42   0.35
95       48      -30   9.95
96       48       43   1.05
97       49      -44   8.55
98       49       44   1.05
99       50       41   1.40
100      50        4   4.20
101      51        5   0.70
102      51       47   0.35
103      52       27   1.75
104      52       48   0.35
105      53      -43   9.95
106      53       49   1.40
107      54       52   0.70
108      54      -39  11.00
109      55       30   1.05
110      55       53   1.05
111      56       51   0.70
112      56       54   0.35
113      57       55   0.35
114      57       45   0.35
115      58       50   0.35
116      58       56   0.35
117      59       33   1.40
118      59       58   0.35
119      60       59   0.35
120      60       57   1.05
121      61       60   0.35
122      61      -58  12.75
123      62       61   0.45
124      62       46   1.15
125      63       -1  13.65
126      63       62   0.45

$root_state_time
[1] 1.35

