$root_state
[1] "63"

$progenitor_states
 [1] "1"  "2"  "3"  "4"  "5"  "6"  "7"  "8"  "9"  "10" "11" "12" "13" "14" "15" "16" "17" "18" "19" "20" "21" "22" "23" "24" "25" "26" "27" "28" "29" "30" "31"
[32] "32" "33" "34" "35" "36" "37" "38" "39" "40" "41" "42" "43" "44" "45" "46" "47" "48" "49" "50" "51" "52" "53" "54" "55" "56" "57" "58" "59" "60" "61" "62"
[63] "63"

$terminal_states
 [1] "-1"  "-2"  "-3"  "-4"  "-5"  "-6"  "-7"  "-8"  "-9"  "-10" "-11" "-12" "-13" "-14" "-15" "-16" "-17" "-18" "-19" "-20" "-21" "-22" "-23" "-24" "-25" "-26"
[27] "-27" "-28" "-29" "-30" "-31" "-32" "-33" "-34" "-35" "-36" "-37" "-38" "-39" "-40" "-41" "-42" "-43" "-44" "-45" "-46" "-47" "-48" "-49" "-50" "-51" "-52"
[53] "-53" "-54" "-55" "-56" "-57" "-58" "-59" "-60" "-61" "-62" "-63" "-64"

$merge
   [,1] [,2]
1    -9  -10
2   -11  -12
3   -13  -14
4   -17  -18
5   -22  -23
6    -1   -2
7   -25  -26
8   -28  -29
9   -32  -33
10  -35  -36
11  -38  -39
12  -40  -41
13  -42  -43
14  -44  -45
15  -47  -48
16  -49  -50
17  -51  -52
18  -53  -54
19   -3   -4
20  -58  -59
21  -60  -61
22   -5   -6
23   -8    1
24    3  -15
25    5  -24
26    8  -30
27  -31    9
28  -34   10
29  -37   11
30  -46   15
31   19   22
32   18  -55
33   20   21
34   23    2
35   24  -16
36  -21   25
37   27   28
38   29   12
39   31   -7
40   14   30
41   17   32
42  -57   33
43   34   35
44    6   39
45   36    7
46   37   38
47   13   40
48   16   41
49   42  -62
50   43    4
51   45  -27
52   49  -63
53  -20   51
54  -56   52
55  -19   53
56   48   54
57   55   26
58   56  -64
59   57   46
60   50   59
61   60   47
62   61   58
63   44   62

$commitment_time
       1        2        3        4        5        6        7        8        9       10       11       12       13       14       15       16       17 
9.672693 9.354329 7.698282 6.143027 9.415979 6.743325 9.621710 8.829385 8.770883 9.437449 9.485684 9.463198 6.641273 9.547208 8.639449 9.523369 6.598671 
      18       19       20       21       22       23       24       25       26       27       28       29       30       31       32       33       34 
8.668149 7.769882 9.565559 7.266577 9.638162 6.196272 6.103651 8.976319 5.583126 7.720100 8.912621 8.726921 7.204069 4.596262 7.156221 6.773904 5.671472 
      35       36       37       38       39       40       41       42       43       44       45       46       47       48       49       50       51 
5.167657 8.245078 5.558265 5.118364 4.129224 4.091592 5.615029 6.227783 4.016632 2.330585 7.838161 4.552305 3.506397 5.066198 5.652583 3.542522 7.327819 
      52       53       54       55       56       57       58       59       60       61       62       63 
5.051829 6.697406 4.629456 6.169287 4.032519 4.664253 3.560931 4.150667 3.111463 2.747739 2.379416 1.846278 

$commitment_bias
        [,1]      [,2]
63 0.4642570 0.5357430
44 0.8451372 0.1548628
6  0.3690636 0.6309364
39 0.3287532 0.6712468
31 0.7351020 0.2648980
19 0.7262861 0.2737139
22 0.3984474 0.6015526
62 0.5552200 0.4447800
61 0.5697745 0.4302255
60 0.4925729 0.5074271
50 0.5480147 0.4519853
43 0.6010058 0.3989942
34 0.2649811 0.7350189
23 0.6133306 0.3866694
1  0.3486905 0.6513095
2  0.4824042 0.5175958
35 0.3713454 0.6286546
24 0.2689443 0.7310557
3  0.3653231 0.6346769
4  0.3832477 0.6167523
59 0.7067745 0.2932255
57 0.3189597 0.6810403
55 0.3586204 0.6413796
53 0.4686926 0.5313074
51 0.2888477 0.7111523
45 0.4263234 0.5736766
36 0.3807739 0.6192261
25 0.3951805 0.6048195
5  0.5004800 0.4995200
7  0.5603064 0.4396936
26 0.5766413 0.4233587
8  0.6513994 0.3486006
46 0.4415770 0.5584230
37 0.6426838 0.3573162
27 0.6861330 0.3138670
9  0.4090977 0.5909023
28 0.5212176 0.4787824
10 0.6443109 0.3556891
38 0.6152061 0.3847939
29 0.5527064 0.4472936
11 0.6378858 0.3621142
12 0.4260156 0.5739844
47 0.8266922 0.1733078
13 0.7902931 0.2097069
40 0.3584670 0.6415330
14 0.5701299 0.4298701
30 0.5220078 0.4779922
15 0.5696616 0.4303384
58 0.3383295 0.6616705
56 0.3596485 0.6403515
48 0.4765619 0.5234381
16 0.7088410 0.2911590
41 0.6147294 0.3852706
17 0.4659965 0.5340035
32 0.5673444 0.4326556
18 0.4023889 0.5976111
54 0.2476855 0.7523145
52 0.6590009 0.3409991
49 0.4926504 0.5073496
42 0.5649676 0.4350324
33 0.4549156 0.5450844
20 0.4372993 0.5627007
21 0.5860440 0.4139560

$`doubling time`
   1    2    3    4    5    6    7    8    9   10   11   12   13   14   15   16   17   18   19   20   21   22   23   24   25   26   27   28   29   30   31   32 
0.35 0.35 0.35 0.35 0.35 0.35 0.35 0.35 0.35 0.35 0.35 0.35 0.35 0.35 0.35 0.35 0.35 0.35 0.35 0.35 0.35 0.35 0.35 0.35 0.35 0.35 0.35 0.35 0.35 0.35 0.35 0.35 
  33   34   35   36   37   38   39   40   41   42   43   44   45   46   47   48   49   50   51   52   53   54   55   56   57   58   59   60   61   62   63   -1 
0.35 0.35 0.35 0.35 0.35 0.35 0.35 0.35 0.35 0.35 0.35 0.35 0.35 0.35 0.35 0.35 0.35 0.35 0.35 0.35 0.35 0.35 0.35 0.35 0.35 0.35 0.35 0.35 0.35 0.35 0.45 0.35 
  -2   -3   -4   -5   -6   -7   -8   -9  -10  -11  -12  -13  -14  -15  -16  -17  -18  -19  -20  -21  -22  -23  -24  -25  -26  -27  -28  -29  -30  -31  -32  -33 
0.35 0.35 0.35 0.35 0.35 0.35 0.35 0.35 0.35 0.35 0.35 0.35 0.35 0.35 0.35 0.35 0.35 0.35 0.35 0.35 0.35 0.35 0.35 0.35 0.35 0.35 0.35 0.35 0.35 0.35 0.35 0.35 
 -34  -35  -36  -37  -38  -39  -40  -41  -42  -43  -44  -45  -46  -47  -48  -49  -50  -51  -52  -53  -54  -55  -56  -57  -58  -59  -60  -61  -62  -63  -64 
0.35 0.35 0.35 0.35 0.35 0.35 0.35 0.35 0.35 0.35 0.35 0.35 0.35 0.35 0.35 0.35 0.35 0.35 0.35 0.35 0.35 0.35 0.35 0.35 0.35 0.35 0.35 0.35 0.35 0.35 0.35 

$founder_size
[1] 1

$target_time
[1] 15

$commitment_side
   [,1] [,2] 
1  "1"  "-9" 
2  "2"  "-11"
3  "3"  "-13"
4  "4"  "-17"
5  "5"  "-22"
6  "6"  "-1" 
7  "7"  "-25"
8  "8"  "-28"
9  "9"  "-32"
10 "10" "-35"
11 "11" "-38"
12 "12" "-40"
13 "13" "-42"
14 "14" "-44"
15 "15" "-47"
16 "16" "-49"
17 "17" "-51"
18 "18" "-53"
19 "19" "-3" 
20 "20" "-58"
21 "21" "-60"
22 "22" "-5" 
23 "23" "-8" 
24 "24" "3"  
25 "25" "5"  
26 "26" "8"  
27 "27" "-31"
28 "28" "-34"
29 "29" "-37"
30 "30" "-46"
31 "31" "19" 
32 "32" "18" 
33 "33" "20" 
34 "34" "23" 
35 "35" "24" 
36 "36" "-21"
37 "37" "27" 
38 "38" "29" 
39 "39" "31" 
40 "40" "14" 
41 "41" "17" 
42 "42" "-57"
43 "43" "34" 
44 "44" "6"  
45 "45" "36" 
46 "46" "37" 
47 "47" "13" 
48 "48" "16" 
49 "49" "42" 
50 "50" "43" 
51 "51" "45" 
52 "52" "49" 
53 "53" "-20"
54 "54" "-56"
55 "55" "-19"
56 "56" "48" 
57 "57" "55" 
58 "58" "56" 
59 "59" "57" 
60 "60" "50" 
61 "61" "60" 
62 "62" "61" 
63 "63" "44" 

$edges
    in_node out_node length
1         1       -9   5.75
2         1      -10   5.75
3         2      -11   6.10
4         2      -12   6.10
5         3      -13   7.85
6         3      -14   7.85
7         4      -17   9.25
8         4      -18   9.25
9         5      -22   6.10
10        5      -23   6.10
11        6       -1   8.90
12        6       -2   8.90
13        7      -25   5.75
14        7      -26   5.75
15        8      -28   6.80
16        8      -29   6.80
17        9      -32   6.80
18        9      -33   6.80
19       10      -35   6.10
20       10      -36   6.10
21       11      -38   6.10
22       11      -39   6.10
23       12      -40   6.10
24       12      -41   6.10
25       13      -42   8.90
26       13      -43   8.90
27       14      -44   6.10
28       14      -45   6.10
29       15      -47   6.80
30       15      -48   6.80
31       16      -49   6.10
32       16      -50   6.10
33       17      -51   8.90
34       17      -52   8.90
35       18      -53   6.80
36       18      -54   6.80
37       19       -3   7.85
38       19       -4   7.85
39       20      -58   6.10
40       20      -59   6.10
41       21      -60   8.20
42       21      -61   8.20
43       22       -5   5.75
44       22       -6   5.75
45       23       -8   9.25
46       23        1   3.50
47       24        3   1.40
48       24      -15   9.25
49       25        5   0.35
50       25      -24   6.45
51       26        8   3.15
52       26      -30   9.95
53       27      -31   7.85
54       27        9   1.05
55       28      -34   6.45
56       28       10   0.35
57       29      -37   6.80
58       29       11   0.70
59       30      -46   8.20
60       30       15   1.40
61       31       19   3.15
62       31       22   5.25
63       32       18   1.40
64       32      -55   8.20
65       33       20   2.80
66       33       21   0.70
67       34       23   0.70
68       34        2   3.85
69       35       24   1.05
70       35      -16  10.30
71       36      -21   7.15
72       36       25   0.70
73       37       27   2.10
74       37       28   3.50
75       38       29   3.50
76       38       12   4.20
77       39       31   0.35
78       39       -7  11.35
79       40       14   5.25
80       40       30   3.15
81       41       17   1.05
82       41       32   1.75
83       42      -57   9.25
84       42       33   0.35
85       43       34   1.40
86       43       35   1.05
87       44        6   4.30
88       44       39   1.85
89       45       36   0.70
90       45        7   2.10
91       46       37   1.05
92       46       38   0.70
93       47       13   3.15
94       47       40   0.70
95       48       16   4.20
96       48       41   0.35
97       49       42   0.70
98       49      -62   9.95
99       50       43   0.70
100      50        4   2.80
101      51       45   0.35
102      51      -27   8.20
103      52       49   0.35
104      52      -63  10.30
105      53      -20   8.90
106      53       51   0.70
107      54      -56  11.00
108      54       52   0.70
109      55      -19   9.25
110      55       53   0.35
111      56       48   1.05
112      56       54   0.35
113      57       55   1.75
114      57       26   1.05
115      58       56   0.70
116      58      -64  12.05
117      59       57   0.35
118      59       46   0.35
119      60       50   0.35
120      60       59   1.05
121      61       60   0.35
122      61       47   0.70
123      62       61   0.45
124      62       58   1.15
125      63       44   0.45
126      63       62   0.45

$root_state_time
[1] 1.35

