0.06980563
0.1165198
0.6409233
0.04094915
0.2112693
0.1644141
0.06980563
0.1645609
0.02430098
0.04913652
0.4296351
0.1162284
0.06980563
0.9367657
0.02537671
0.05710836
0.1958108
0.04094915
1.025715
0.2329955
0.04548318
0.1958108
0.1958108
0.4296351
0.04094915
0.04913652
0.1958108
0.1958108
0.08279628
0.1165198
0.04548318
0.02430098
0.4296351
0.9367657
0.1958108
0.4296351
0.02430098
0.06980563
0.08279628
0.4617819
0.04094915
0.0976779
0.1644141
1.025715
0.6409233
0.1162268
0.04548318
0.1162284
0.06980563
0.2329955
0.5337602
0.04094915
0.5337602
0.1162284
0.2112693
0.3941147
0.05710836
0.2329955
0.02430098
0.04913652
0.2329955
0.1958108
0.1958108
0.1162268
0.04548318
0.1644141
0.6409233
0.04548318
0.6409233
0.3941147
0.1645609
0.3941147
0.09767781
0.06980563
0.06980563
0.04094915
0.0976779
0.4296351
0.1162284
0.1162284
0.09767781
0.5337602
0.3941147
0.05710836
0.9364856
0.05710836
0.1958108
1.025715
0.4296351
0.08279628
0.09767781
0.3941147
0.1958108
0.09767781
0.02430098
0.04548318
0.4296351
0.4617819
0.2112693
0.6409233
