0.08279628
0.09767781
0.4617819
0.09767781
0.1165198
0.1162284
0.5337602
0.2772408
0.1162284
0.3941147
0.5337602
0.08208914
0.05879239
0.2685396
0.09767781
0.9367657
0.05879239
0.9367657
0.1162284
0.6409233
0.04094915
0.1165198
0.1162284
0.08208914
0.4296351
0.1644141
0.04094915
0.6409233
0.05879239
0.4296351
0.08208914
0.04913652
0.2329955
0.04548318
0.9367657
0.1958108
0.06980563
1.025715
0.08279628
0.05710836
0.2772408
0.1645609
1.025715
0.09767781
0.6409233
0.05710836
0.1162268
0.04094915
0.09767781
0.1958108
0.04094915
0.09767781
0.9367657
0.04094915
0.05710836
0.04094915
0.02537671
0.1645609
0.5337602
0.2772408
0.9367657
0.1162284
0.08208914
0.04094915
0.09767781
0.0976779
1.025715
0.1958108
0.9364856
0.05879239
0.08279628
0.04548318
0.1162268
0.04094915
0.06980563
0.02537671
0.2329955
0.04094915
1.025715
0.04094915
0.2112693
0.2685396
0.04094915
0.1162284
1.025715
0.4617819
0.9367657
0.08208914
0.5337602
0.04548318
0.4296351
1.025715
0.0976779
0.4617819
0.2112693
0.6409233
0.1165198
0.1644141
0.1165198
0.2772408
