0.2685396
0.1644141
0.2112693
0.08279628
0.5337602
1.025715
0.05879239
0.04548318
0.1162268
0.1958108
0.08279628
0.2329955
0.1958108
0.1958108
0.04913652
0.08279628
0.04094915
0.1162268
0.05710836
0.6409233
0.05879239
0.4617819
0.9367657
0.5337602
0.08279628
0.04913652
0.2685396
0.3941147
0.04913652
0.04094915
0.04094915
0.9364856
0.04094915
0.06980563
0.04548318
0.04094915
0.6409233
1.025715
0.02430098
0.1644141
0.06980563
0.08208914
0.05879239
0.2329955
0.09767781
0.6409233
0.05710836
0.6409233
0.1645609
0.05879239
0.5337602
0.1645609
0.9367657
0.1165198
0.1162268
0.04913652
0.9364856
1.025715
0.05879239
0.1162284
0.5337602
0.3941147
0.1162284
0.2112693
0.1644141
0.9364856
0.1162268
0.2685396
0.6409233
0.2329955
0.05879239
0.1162284
0.09767781
0.4617819
0.1958108
0.02537671
0.1644141
0.5337602
0.5337602
0.5337602
0.1162268
0.1162268
0.2112693
1.025715
0.2685396
0.04094915
0.04913652
0.05879239
0.2685396
0.05710836
0.9367657
0.1644141
0.04094915
0.1162268
1.025715
0.1165198
0.09767781
0.06980563
0.2685396
0.05710836
