0.1958108
0.6409233
0.1645609
0.08208914
0.04094915
0.1644141
0.9367657
0.1162268
0.2772408
0.06980563
0.04913652
0.5337602
0.1958108
0.1645609
0.04094915
0.4296351
0.05710836
0.9367657
0.2685396
0.06980563
0.0976779
0.05879239
0.09767781
0.06980563
0.08279628
0.9364856
1.025715
0.2772408
0.08279628
0.1645609
0.09767781
0.1162284
0.02537671
0.4617819
0.2685396
0.04094915
1.025715
0.1958108
0.1958108
0.04548318
0.04094915
1.025715
0.4617819
0.0976779
1.025715
0.1958108
1.025715
0.1644141
0.9367657
0.9364856
0.2772408
0.1162284
0.02537671
0.3941147
0.05710836
0.1958108
0.05879239
0.1162268
0.1162284
1.025715
1.025715
0.6409233
0.1958108
0.05710836
0.9367657
0.5337602
0.4296351
0.2329955
0.6409233
0.04094915
0.1162284
0.4296351
0.08279628
0.2329955
0.05710836
0.2772408
0.1958108
0.3941147
0.3941147
0.9364856
0.6409233
0.04548318
0.2329955
0.08279628
0.06980563
0.9367657
0.08208914
0.2685396
0.02430098
0.4617819
0.2772408
0.9364856
0.04913652
0.04094915
0.0976779
0.2772408
1.025715
0.05710836
0.02430098
0.1162268
