1.025715
0.9367657
0.02537671
0.1162284
0.06980563
0.4617819
0.4296351
0.04094915
0.08208914
0.5337602
0.4296351
0.1958108
0.3941147
0.04094915
1.025715
0.4617819
0.5337602
0.5337602
0.08208914
0.02430098
0.4617819
0.02430098
0.1958108
0.4296351
0.6409233
0.4617819
0.3941147
0.4296351
0.05710836
0.05879239
0.2772408
0.06980563
0.5337602
0.1645609
0.05710836
0.05710836
0.4296351
0.3941147
0.1162268
1.025715
0.04094915
0.1958108
0.5337602
0.6409233
0.02430098
0.1958108
0.02537671
0.05710836
0.08279628
0.04094915
0.3941147
0.2329955
0.1645609
0.04548318
0.2772408
0.1958108
0.2112693
0.1958108
0.9367657
0.9367657
0.2329955
0.2112693
0.2772408
0.02430098
0.2685396
0.2772408
0.09767781
0.04094915
0.04913652
0.04094915
0.4617819
0.0976779
0.2329955
0.08279628
0.3941147
0.05879239
0.2112693
0.04913652
0.4617819
0.2772408
0.04094915
0.08279628
0.02430098
0.4617819
0.04548318
0.4617819
0.05879239
0.09767781
0.04548318
0.2772408
0.06980563
0.06980563
0.1644141
0.04094915
1.025715
0.2112693
0.06980563
0.02430098
0.1958108
0.2329955
