0.06980563
0.08279628
0.08279628
0.1165198
0.1645609
0.1644141
0.04094915
0.4617819
0.2112693
0.2772408
0.1644141
1.025715
0.2329955
0.09767781
0.2112693
0.05710836
0.2685396
0.08208914
0.1165198
0.6409233
0.4617819
0.04548318
0.1645609
0.4617819
0.05710836
0.1162284
0.05879239
0.2772408
0.9367657
0.6409233
0.6409233
0.08208914
0.08208914
0.0976779
0.0976779
0.1958108
0.04094915
0.2112693
0.0976779
0.06980563
0.1162284
0.6409233
0.1162284
0.02430098
0.1165198
1.025715
0.02537671
0.06980563
0.1958108
0.5337602
0.05879239
0.2329955
0.05879239
0.2685396
0.6409233
0.9364856
0.1645609
0.1958108
0.06980563
0.06980563
0.1958108
0.1644141
0.05710836
0.0976779
0.1644141
0.1644141
0.1958108
0.5337602
0.2329955
0.05879239
0.09767781
0.06980563
1.025715
0.06980563
0.04548318
0.04094915
0.09767781
0.2112693
0.2685396
0.1162268
0.04548318
0.1958108
0.9364856
0.09767781
0.9364856
0.1644141
0.04094915
0.05879239
0.04094915
0.2685396
0.1162284
0.09767781
0.3941147
0.05879239
0.2329955
0.5337602
0.05879239
0.2685396
0.08208914
0.05879239
